# Matter power spectrum P(k) at redshift z=0
# for k=1.04974e-05 to 8.44321 h/Mpc,
# number of wavenumbers equal to 611
#    1:k (h/Mpc)              2:P (Mpc/h)^3        
       1.049743788834e-05       4.730185378085e+01 
       2.344149064293e-05       1.027851568326e+02 
       3.643149987812e-05       1.573668094877e+02 
       4.950276037637e-05       2.116087146266e+02 
       6.269115629253e-05       2.658354482307e+02 
       7.603348425312e-05       3.202932238625e+02 
       8.956778688270e-05       3.751945691059e+02 
       1.033337012333e-04       4.307366612494e+02 
       1.173728266271e-04       4.871108495955e+02 
       1.317291164562e-04       5.445083683764e+02 
       1.464492984877e-04       6.031244935063e+02 
       1.615833281566e-04       6.631616578349e+02 
       1.771848791361e-04       7.248323292565e+02 
       1.933118750769e-04       7.883613865356e+02 
       2.100270657073e-04       8.539888205917e+02 
       2.273986493315e-04       9.219719853643e+02 
       2.455009419910e-04       9.925881533727e+02 
       2.644150909171e-04       1.066136993210e+03 
       2.842298261201e-04       1.142943167510e+03 
       3.050422386732e-04       1.223358476829e+03 
       3.269585670748e-04       1.307764767629e+03 
       3.500949635595e-04       1.396575453983e+03 
       3.745782000206e-04       1.490237632947e+03 
       4.005462580257e-04       1.589232911283e+03 
       4.281487293376e-04       1.694077698163e+03 
       4.575469330173e-04       1.805321982436e+03 
       4.889136341071e-04       1.923546504642e+03 
       5.224322299309e-04       2.049357636182e+03 
       5.582952576952e-04       2.183379721974e+03 
       5.967020777112e-04       2.326244071263e+03 
       6.378556080602e-04       2.478574427583e+03 
       6.819580371670e-04       2.640968988403e+03 
       7.292055268148e-04       2.813978911641e+03 
       7.797820405064e-04       2.998084113770e+03 
       8.338525821608e-04       3.193667893992e+03 
       8.915562869982e-04       3.400991894534e+03 
       9.529999372597e-04       3.620174030768e+03 
       1.018252541253e-03       3.851171287934e+03 
       1.087341581761e-03       4.093770582779e+03 
       1.160251395197e-03       4.347587919640e+03 
       1.236923901932e-03       4.612077570994e+03 
       1.317261616531e-03       4.886549929239e+03 
       1.401132587302e-03       5.170169378149e+03 
       1.488376707282e-03       5.462049259138e+03 
       1.578812740791e-03       5.761244236964e+03 
       1.672245425952e-03       6.066768703654e+03 
       1.768472120372e-03       6.377634943133e+03 
       1.867288615114e-03       6.692877238114e+03 
       1.968493910374e-03       7.011568299439e+03 
       2.071893894374e-03       7.332833688803e+03 
       2.177303977961e-03       7.655860089967e+03 
       2.284550807596e-03       7.979899931961e+03 
       2.393473213354e-03       8.304274492921e+03 
       2.503922555405e-03       8.628370842409e+03 
       2.615762621462e-03       8.951640852065e+03 
       2.728869207296e-03       9.273598522426e+03 
       2.843129488410e-03       9.593812480412e+03 
       2.958441267353e-03       9.911905553257e+03 
       3.074712159995e-03       1.022754579354e+04 
       3.191858766366e-03       1.054044523525e+04 
       3.309805857433e-03       1.085035365717e+04 
       3.428485598284e-03       1.115705591775e+04 
       3.547836820028e-03       1.146036417571e+04 
       3.667804346820e-03       1.176012206100e+04 
       3.788338380336e-03       1.205619413483e+04 
       3.909393941216e-03       1.234846815038e+04 
       4.030930365231e-03       1.263684857346e+04 
       4.152910850844e-03       1.292125966278e+04 
       4.275302054290e-03       1.320163565210e+04 
       4.398073728047e-03       1.347793046646e+04 
       4.521198398615e-03       1.375010077583e+04 
       4.644651079628e-03       1.401812061216e+04 
       4.768409016616e-03       1.428196656740e+04 
       4.892451459957e-03       1.454161885944e+04 
       5.016759462915e-03       1.479709228982e+04 
       5.141315701932e-03       1.504837998858e+04 
       5.266104316637e-03       1.529547886390e+04 
       5.391110767315e-03       1.553841155523e+04 
       5.516321707831e-03       1.577717828877e+04 
       5.641724872217e-03       1.601180036079e+04 
       5.767308973374e-03       1.624229555030e+04 
       5.893063612462e-03       1.646868620723e+04 
       6.018979197799e-03       1.669100078240e+04 
       6.145046872152e-03       1.690926350073e+04 
       6.271258447491e-03       1.712350430824e+04 
       6.397606346368e-03       1.733375279403e+04 
       6.524083549175e-03       1.754003804342e+04 
       6.650683546636e-03       1.774239634593e+04 
       6.777400296968e-03       1.794086191596e+04 
       6.904228187186e-03       1.813546540284e+04 
       7.031161998130e-03       1.832624886697e+04 
       7.158196872798e-03       1.851324398282e+04 
       7.285328287651e-03       1.869648419769e+04 
       7.412552026568e-03       1.887600969455e+04 
       7.539864157194e-03       1.905185554381e+04 
       7.667261009418e-03       1.922406567023e+04 
       7.794739155780e-03       1.939266388573e+04 
       7.922295393610e-03       1.955770558304e+04 
       8.049926728727e-03       1.971921692730e+04 
       8.177630360542e-03       1.987723389245e+04 
       8.305403668443e-03       2.003180034908e+04 
       8.433244199320e-03       2.018295528079e+04 
       8.561149656140e-03       2.033073431541e+04 
       8.689117887464e-03       2.047517173759e+04 
       8.817146877816e-03       2.061630933892e+04 
       8.945234738842e-03       2.075417990209e+04 
       9.073379701171e-03       2.088882174601e+04 
       9.201580106917e-03       2.102027337378e+04 
       9.329834402781e-03       2.114856446144e+04 
       9.458141133679e-03       2.127374032798e+04 
       9.586498936868e-03       2.139582947409e+04 
       9.714906536516e-03       2.151485907946e+04 
       9.843362738684e-03       2.163088277602e+04 
       9.971866426687e-03       2.174392054440e+04 
       1.010041655680e-02       2.185401162315e+04 
       1.022901215427e-02       2.196119036052e+04 
       1.035765230964e-02       2.206548418532e+04 
       1.048633617533e-02       2.216693292842e+04 
       1.061506296247e-02       2.226556989445e+04 
       1.074383193793e-02       2.236142700384e+04 
       1.087264242162e-02       2.245453534473e+04 
       1.100149378393e-02       2.254492224868e+04 
       1.113038544340e-02       2.263263365988e+04 
       1.125931686448e-02       2.271768453887e+04 
       1.138828755552e-02       2.280011587318e+04 
       1.151729706690e-02       2.287996662996e+04 
       1.164634498920e-02       2.295724728916e+04 
       1.177543095163e-02       2.303200833459e+04 
       1.190455462045e-02       2.310426734119e+04 
       1.203371569759e-02       2.317406496148e+04 
       1.216291391931e-02       2.324142130481e+04 
       1.229214905499e-02       2.330637087203e+04 
       1.242142090596e-02       2.336894782492e+04 
       1.255072930447e-02       2.342917811450e+04 
       1.268007411270e-02       2.348708742373e+04 
       1.280945522186e-02       2.354271485261e+04 
       1.293887255129e-02       2.359607933913e+04 
       1.306832604776e-02       2.364721255378e+04 
       1.319781568468e-02       2.369614266016e+04 
       1.332734146145e-02       2.374289569978e+04 
       1.345690340285e-02       2.378749587901e+04 
       1.358650155848e-02       2.382998152440e+04 
       1.371613600221e-02       2.387035900619e+04 
       1.384580683173e-02       2.390867666621e+04 
       1.397551416807e-02       2.394494215490e+04 
       1.410525815527e-02       2.397918736677e+04 
       1.423503895996e-02       2.401144203822e+04 
       1.436485677106e-02       2.404172992215e+04 
       1.449471179948e-02       2.407007867246e+04 
       1.462460427788e-02       2.409650409423e+04 
       1.475453446040e-02       2.412103698277e+04 
       1.488450262251e-02       2.414370068250e+04 
       1.501450906081e-02       2.416451662762e+04 
       1.514455409288e-02       2.418351944797e+04 
       1.527463805718e-02       2.420072639738e+04 
       1.540476131293e-02       2.421614948666e+04 
       1.553492424007e-02       2.422982931198e+04 
       1.566512723919e-02       2.424178711837e+04 
       1.579537073151e-02       2.425202415428e+04 
       1.592565515890e-02       2.426058619522e+04 
       1.605598098384e-02       2.426748214204e+04 
       1.618634868952e-02       2.427274592309e+04 
       1.631675877986e-02       2.427639692292e+04 
       1.644721177959e-02       2.427845433248e+04 
       1.657770823436e-02       2.427893513040e+04 
       1.670824871085e-02       2.427785983056e+04 
       1.683883379690e-02       2.427527275133e+04 
       1.696946410165e-02       2.427117761936e+04 
       1.710014025572e-02       2.426557068490e+04 
       1.723086291138e-02       2.425850884999e+04 
       1.736163274279e-02       2.425000024222e+04 
       1.749245044617e-02       2.424009802205e+04 
       1.762331674007e-02       2.422876063670e+04 
       1.775423236560e-02       2.421603671325e+04 
       1.788519808673e-02       2.420196958644e+04 
       1.801621469053e-02       2.418654523955e+04 
       1.814728298754e-02       2.416979312639e+04 
       1.827840381201e-02       2.415174902066e+04 
       1.840957802229e-02       2.413241040093e+04 
       1.854080650118e-02       2.411181362620e+04 
       1.867209015626e-02       2.408995804096e+04 
       1.880342992035e-02       2.406689633364e+04 
       1.893482675181e-02       2.404260683008e+04 
       1.906628163508e-02       2.401714773055e+04 
       1.919779558100e-02       2.399051232120e+04 
       1.932936962738e-02       2.396270730633e+04 
       1.946100483937e-02       2.393376984490e+04 
       1.959270231003e-02       2.390374644162e+04 
       1.972446316079e-02       2.387259880245e+04 
       1.985628854201e-02       2.384041620496e+04 
       1.998817963353e-02       2.380713513093e+04 
       2.012013764521e-02       2.377283007617e+04 
       2.025216381752e-02       2.373749521095e+04 
       2.038425942219e-02       2.370113492164e+04 
       2.051642576279e-02       2.366381358507e+04 
       2.064866417540e-02       2.362550131941e+04 
       2.078097602928e-02       2.358622498170e+04 
       2.091336272756e-02       2.354606165507e+04 
       2.104582570797e-02       2.350492852054e+04 
       2.117836644353e-02       2.346289183962e+04 
       2.131098644339e-02       2.341999205750e+04 
       2.144368725356e-02       2.337622144298e+04 
       2.157647045771e-02       2.333155935935e+04 
       2.170933767807e-02       2.328608377841e+04 
       2.184229057624e-02       2.323979509880e+04 
       2.197533085410e-02       2.319268171981e+04 
       2.210846025472e-02       2.314479323116e+04 
       2.224168056333e-02       2.309608338376e+04 
       2.237499360827e-02       2.304667021193e+04 
       2.250840126202e-02       2.299650159177e+04 
       2.264190544221e-02       2.294558407803e+04 
       2.277550811274e-02       2.289396010219e+04 
       2.290921128482e-02       2.284164983077e+04 
       2.304301701819e-02       2.278858305102e+04 
       2.317692742221e-02       2.273491373237e+04 
       2.331094465715e-02       2.268057058194e+04 
       2.344507093537e-02       2.262557916558e+04 
       2.357930852268e-02       2.256994654782e+04 
       2.371365973961e-02       2.251371076776e+04 
       2.384812696282e-02       2.245688038291e+04 
       2.398271262651e-02       2.239944220249e+04 
       2.411741922386e-02       2.234140631634e+04 
       2.425224930857e-02       2.228286328806e+04 
       2.438720549639e-02       2.222372102122e+04 
       2.452229046676e-02       2.216407386686e+04 
       2.465750696442e-02       2.210387514941e+04 
       2.479285780117e-02       2.204317055893e+04 
       2.492834585761e-02       2.198197526466e+04 
       2.506397408497e-02       2.192028171989e+04 
       2.519974550703e-02       2.185812274992e+04 
       2.533566322200e-02       2.179550764438e+04 
       2.547173040462e-02       2.173245482801e+04 
       2.560795030815e-02       2.166889829970e+04 
       2.574432626660e-02       2.160502447253e+04 
       2.588086169693e-02       2.154064845229e+04 
       2.601756010130e-02       2.147592737849e+04 
       2.615442506955e-02       2.141076053426e+04 
       2.629146028154e-02       2.134516603589e+04 
       2.642866950981e-02       2.127933176550e+04 
       2.656605662213e-02       2.121309664715e+04 
       2.670362558426e-02       2.114644740657e+04 
       2.684138046277e-02       2.107955670498e+04 
       2.697932542799e-02       2.101225914585e+04 
       2.711746475697e-02       2.094468317911e+04 
       2.725580283669e-02       2.087680170942e+04 
       2.739434416725e-02       2.080863640634e+04 
       2.753309336527e-02       2.074015650005e+04 
       2.767205516740e-02       2.067141218975e+04 
       2.781123443389e-02       2.060239089862e+04 
       2.795063615238e-02       2.053312563045e+04 
       2.809026544179e-02       2.046363595739e+04 
       2.823012755638e-02       2.039386721994e+04 
       2.837022788990e-02       2.032390986021e+04 
       2.851057198001e-02       2.025368295142e+04 
       2.865116551275e-02       2.018324662922e+04 
       2.879201432730e-02       2.011266836032e+04 
       2.893312442082e-02       2.004189275791e+04 
       2.907450195354e-02       1.997085992937e+04 
       2.921615325408e-02       1.989967973089e+04 
       2.935808482489e-02       1.982835459056e+04 
       2.950030334802e-02       1.975684582842e+04 
       2.964281569104e-02       1.968516816253e+04 
       2.978562891323e-02       1.961343253328e+04 
       2.992875027206e-02       1.954147582806e+04 
       3.007218722991e-02       1.946933465961e+04 
       3.021594746104e-02       1.939718409795e+04 
       3.036003885896e-02       1.932485289780e+04 
       3.050446954397e-02       1.925238971196e+04 
       3.064924787117e-02       1.917986811621e+04 
       3.079438243873e-02       1.910725268238e+04 
       3.093988209656e-02       1.903453513218e+04 
       3.108575595533e-02       1.896173017219e+04 
       3.123201339595e-02       1.888885371301e+04 
       3.137866407942e-02       1.881590354270e+04 
       3.152571795720e-02       1.874287282839e+04 
       3.167318528197e-02       1.866976357450e+04 
       3.182107661893e-02       1.859664924674e+04 
       3.196940285771e-02       1.852346696845e+04 
       3.211817522467e-02       1.845018905355e+04 
       3.226740529595e-02       1.837687142508e+04 
       3.241710501109e-02       1.830359419574e+04 
       3.256728668728e-02       1.823030969944e+04 
       3.271796303435e-02       1.815696948328e+04 
       3.286914717052e-02       1.808350268501e+04 
       3.302085263888e-02       1.801015450155e+04 
       3.317309342480e-02       1.793671986567e+04 
       3.332588397412e-02       1.786330272455e+04 
       3.347923921237e-02       1.778989067928e+04 
       3.363317456495e-02       1.771643211430e+04 
       3.378770597837e-02       1.764304133667e+04 
       3.394284994271e-02       1.756963471938e+04 
       3.409862351514e-02       1.749619618419e+04 
       3.425504434483e-02       1.742284705634e+04 
       3.441213069927e-02       1.734944787545e+04 
       3.456990149190e-02       1.727610804165e+04 
       3.472837631146e-02       1.720278414053e+04 
       3.488757545292e-02       1.712948165510e+04 
       3.504751995024e-02       1.705618283954e+04 
       3.520823161098e-02       1.698293876570e+04 
       3.536973305300e-02       1.690967526647e+04 
       3.553204774336e-02       1.683649820792e+04 
       3.569520003951e-02       1.676338717523e+04 
       3.585921523305e-02       1.669022449649e+04 
       3.602411959615e-02       1.661718927020e+04 
       3.618994043092e-02       1.654413595093e+04 
       3.635670612186e-02       1.647115626807e+04 
       3.652444619170e-02       1.639815558337e+04 
       3.669319136086e-02       1.632519842982e+04 
       3.686297361081e-02       1.625234045362e+04 
       3.703382625166e-02       1.617951066920e+04 
       3.720578399432e-02       1.610671612032e+04 
       3.737888302752e-02       1.603394597353e+04 
       3.755316110028e-02       1.596123853140e+04 
       3.772865761010e-02       1.588852330552e+04 
       3.790541369740e-02       1.581587935200e+04 
       3.808347234680e-02       1.574325894762e+04 
       3.826287849589e-02       1.567070062925e+04 
       3.844367915191e-02       1.559812000688e+04 
       3.862592351732e-02       1.552566553638e+04 
       3.880966312497e-02       1.545315760623e+04 
       3.899495198365e-02       1.538072337683e+04 
       3.918184673519e-02       1.530827814895e+04 
       3.937040682406e-02       1.523588792438e+04 
       3.956069468067e-02       1.516348282897e+04 
       3.975277591988e-02       1.509111612343e+04 
       3.994671955603e-02       1.501876179216e+04 
       4.014259823622e-02       1.494638633149e+04 
       4.034048849389e-02       1.487406876011e+04 
       4.054047102446e-02       1.480169065638e+04 
       4.074263098580e-02       1.472933096432e+04 
       4.094705832581e-02       1.465693980110e+04 
       4.115384814039e-02       1.458453369773e+04 
       4.136310106500e-02       1.451213717581e+04 
       4.157492370375e-02       1.443962789327e+04 
       4.178942910027e-02       1.436716407797e+04 
       4.200673725534e-02       1.429462702196e+04 
       4.222697569687e-02       1.422200801994e+04 
       4.245028010861e-02       1.414933111154e+04 
       4.267679502492e-02       1.407656055422e+04 
       4.290667460003e-02       1.400372799038e+04 
       4.314008346130e-02       1.393081292084e+04 
       4.337719765775e-02       1.385772149712e+04 
       4.361820571654e-02       1.378454390649e+04 
       4.386330982236e-02       1.371123983732e+04 
       4.411272713690e-02       1.363778074804e+04 
       4.436669127854e-02       1.356411996813e+04 
       4.462545398581e-02       1.349028128315e+04 
       4.488928699194e-02       1.341624225597e+04 
       4.515848414315e-02       1.334202965165e+04 
       4.543336379861e-02       1.326750521372e+04 
       4.571427155733e-02       1.319273558918e+04 
       4.600158336582e-02       1.311767481096e+04 
       4.629570907023e-02       1.304226806883e+04 
       4.659709648983e-02       1.296649546266e+04 
       4.690623610374e-02       1.289040375297e+04 
       4.722366646187e-02       1.281386006419e+04 
       4.754998045456e-02       1.273687204434e+04 
       4.788583260440e-02       1.265939558782e+04 
       4.823194757985e-02       1.258136427590e+04 
       4.858913017567e-02       1.250271445289e+04 
       4.895827706185e-02       1.242340944584e+04 
       4.934039067441e-02       1.234344081313e+04 
       4.973659571221e-02       1.226261735519e+04 
       5.014815881851e-02       1.218100189924e+04 
       5.057651217286e-02       1.209837786140e+04 
       5.102328190483e-02       1.201472611428e+04 
       5.149032247919e-02       1.192990097029e+04 
       5.197975850444e-02       1.184364017694e+04 
       5.249403579957e-02       1.175604245197e+04 
       5.303598403422e-02       1.166670842202e+04 
       5.360889384986e-02       1.157547704761e+04 
       5.421661207615e-02       1.148208005915e+04 
       5.486365945544e-02       1.138615499004e+04 
       5.555537608648e-02       1.128726367938e+04 
       5.629810037075e-02       1.118495792674e+04 
       5.709938708358e-02       1.107852465328e+04 
       5.796826824764e-02       1.096707864108e+04 
       5.891555469897e-02       1.084951056496e+04 
       5.995416277487e-02       1.072442375837e+04 
       6.109942281275e-02       1.058973737247e+04 
       6.236927410158e-02       1.044286099568e+04 
       6.378416324760e-02       1.028028429113e+04 
       6.536633835660e-02       1.009738066999e+04 
       6.713811137474e-02       9.888379708430e+03 
       6.911868846914e-02       9.646481689904e+03 
       7.131961840387e-02       9.364758070237e+03 
       7.373998962901e-02       9.037804235757e+03 
       7.636375449820e-02       8.664111837870e+03 
       7.916148889807e-02       8.248100260904e+03 
       8.209649526012e-02       7.800727198876e+03 
       8.513222551234e-02       7.337963093394e+03 
       8.823761411256e-02       6.878018273372e+03 
       9.138909140136e-02       6.438239214381e+03 
       9.457013477028e-02       6.032879285543e+03 
       9.776975996147e-02       5.671779294586e+03 
       1.009809117750e-01       5.360019157169e+03 
       1.041991564299e-01       5.098164990438e+03 
       1.074217451225e-01       4.883038175330e+03 
       1.106469878101e-01       4.708534337495e+03 
       1.138738506104e-01       4.566530255355e+03 
       1.171017029028e-01       4.447773189243e+03 
       1.203301606530e-01       4.342782772886e+03 
       1.235589901540e-01       4.242618847035e+03 
       1.267880491804e-01       4.139690858892e+03 
       1.300172511241e-01       4.028350977012e+03 
       1.332465431747e-01       3.905309248853e+03 
       1.364758930585e-01       3.769719851217e+03 
       1.397052809844e-01       3.622986369191e+03 
       1.429346947528e-01       3.468297107424e+03 
       1.461641267862e-01       3.310005807459e+03 
       1.493935723256e-01       3.152940568481e+03 
       1.526230283349e-01       3.001782738481e+03 
       1.558524928351e-01       2.860567148951e+03 
       1.590819644993e-01       2.732311382076e+03 
       1.623114424059e-01       2.618843410446e+03 
       1.655409258877e-01       2.520765775940e+03 
       1.687704144403e-01       2.437544102692e+03 
       1.719999076648e-01       2.367681870965e+03 
       1.752294052335e-01       2.308949009793e+03 
       1.784589068674e-01       2.258639215560e+03 
       1.816884123231e-01       2.213847601758e+03 
       1.849179213835e-01       2.172048307827e+03 
       1.881474338521e-01       2.130642695347e+03 
       1.913769495494e-01       2.087175495125e+03 
       1.946064683099e-01       2.040174812459e+03 
       1.978359899803e-01       1.988920487799e+03 
       2.010655144181e-01       1.933461337868e+03 
       2.042950414902e-01       1.874520762344e+03 
       2.075245710722e-01       1.813327921057e+03 
       2.107541030476e-01       1.751355935273e+03 
       2.139836373069e-01       1.690145913046e+03 
       2.172131737476e-01       1.631118629653e+03 
       2.204427122729e-01       1.575432866870e+03 
       2.236722527919e-01       1.523951044913e+03 
       2.269017952188e-01       1.477195636225e+03 
       2.301313394728e-01       1.435359619254e+03 
       2.333608854774e-01       1.398322144873e+03 
       2.365904331604e-01       1.365668070447e+03 
       2.398199824537e-01       1.336745339987e+03 
       2.430495332925e-01       1.310722998010e+03 
       2.462790856157e-01       1.286683196038e+03 
       2.495086393653e-01       1.263717217632e+03 
       2.527381944863e-01       1.241012828480e+03 
       2.559677509263e-01       1.217917618139e+03 
       2.591973086359e-01       1.193985273374e+03 
       2.624268675678e-01       1.168979292782e+03 
       2.656564276772e-01       1.142861732450e+03 
       2.688859889214e-01       1.115789118692e+03 
       2.721155512598e-01       1.088038762516e+03 
       2.753451146536e-01       1.060025979357e+03 
       2.785746790660e-01       1.032216310938e+03 
       2.818042444616e-01       1.005081360443e+03 
       2.850338108070e-01       9.790522856994e+02 
       2.882633780700e-01       9.544661670388e+02 
       2.914929462199e-01       9.315385485583e+02 
       2.947225152274e-01       9.103579276012e+02 
       2.979520850645e-01       8.908811966528e+02 
       3.011816557044e-01       8.729731456155e+02 
       3.044112271213e-01       8.564206544895e+02 
       3.076407992907e-01       8.409721745764e+02 
       3.108703721890e-01       8.263559344409e+02 
       3.140999457936e-01       8.122952682010e+02 
       3.173295200828e-01       7.985341534679e+02 
       3.205590950359e-01       7.848502715520e+02 
       3.237886706328e-01       7.710736118069e+02 
       3.270182468543e-01       7.570992986527e+02 
       3.302478236822e-01       7.428943335036e+02 
       3.334774010987e-01       7.284912395549e+02 
       3.367069790867e-01       7.139804471427e+02 
       3.399365576299e-01       6.994807647143e+02 
       3.431661367125e-01       6.851255126206e+02 
       3.463957163195e-01       6.710497180828e+02 
       3.496252964361e-01       6.573725276215e+02 
       3.528548770484e-01       6.441927416819e+02 
       3.560844581427e-01       6.315870794532e+02 
       3.593140397061e-01       6.196014562881e+02 
       3.625436217260e-01       6.082493981776e+02 
       3.657732041901e-01       5.975103485017e+02 
       3.690027870868e-01       5.873304438399e+02 
       3.722323704047e-01       5.776282415184e+02 
       3.754619541331e-01       5.683126906379e+02 
       3.786915382612e-01       5.592864083739e+02 
       3.819211227790e-01       5.504626208105e+02 
       3.851507076765e-01       5.417724737710e+02 
       3.883802929443e-01       5.331656313091e+02 
       3.916098785732e-01       5.246080770297e+02 
       3.948394645543e-01       5.160835869027e+02 
       3.980690508789e-01       5.075899593471e+02 
       4.012986375388e-01       4.991354830334e+02 
       4.045282245258e-01       4.907446258446e+02 
       4.077578118322e-01       4.824502080358e+02 
       4.109873994505e-01       4.742926511070e+02 
       4.142169873732e-01       4.663096578646e+02 
       4.174465755933e-01       4.585344021895e+02 
       4.206761641040e-01       4.509892528492e+02 
       4.239057528985e-01       4.436868680776e+02 
       4.271353419704e-01       4.366287320388e+02 
       4.303649313135e-01       4.298079004936e+02 
       4.335945209216e-01       4.232138936650e+02 
       4.368241107888e-01       4.168343039646e+02 
       4.400537009094e-01       4.106534343797e+02 
       4.432832912780e-01       4.046483256421e+02 
       4.465128818889e-01       3.987948778059e+02 
       4.497424727371e-01       3.930655959118e+02 
       4.529720638175e-01       3.874363453835e+02 
       4.562016551250e-01       3.818872083007e+02 
       4.594312466548e-01       3.764041261823e+02 
       4.626608384024e-01       3.709831944653e+02 
       4.658904303632e-01       3.656205079349e+02 
       4.691200225327e-01       3.603227325127e+02 
       4.723496149066e-01       3.550946713217e+02 
       4.755792074808e-01       3.499401387927e+02 
       4.788088002512e-01       3.448686668292e+02 
       4.820383932138e-01       3.398892765375e+02 
       4.852679863648e-01       3.350117558087e+02 
       4.884975797005e-01       3.302455992416e+02 
       4.917271732171e-01       3.255978037672e+02 
       4.949567669112e-01       3.210742735018e+02 
       4.981863607793e-01       3.166722660833e+02 
       5.014159548180e-01       3.123849727670e+02 
       5.046455490240e-01       3.082018894245e+02 
       5.078751433941e-01       3.041139717455e+02 
       5.111047379252e-01       3.001126008156e+02 
       5.143343326143e-01       2.961876378322e+02 
       5.175639274583e-01       2.923344106358e+02 
       5.207935224545e-01       2.885441287046e+02 
       5.240231175999e-01       2.848119605438e+02 
       5.272527128918e-01       2.811322990514e+02 
       5.304823083276e-01       2.775016129847e+02 
       5.337119039046e-01       2.739176485765e+02 
       5.369414996202e-01       2.703832307588e+02 
       5.401710954721e-01       2.669019055260e+02 
       5.434006914576e-01       2.634776629932e+02 
       5.466302875745e-01       2.601140979942e+02 
       5.498598838205e-01       2.568125519377e+02 
       5.530894801932e-01       2.535738411002e+02 
       5.563190766905e-01       2.503963353550e+02 
       5.595486733101e-01       2.472791739496e+02 
       5.627782700501e-01       2.442224664902e+02 
       5.660078669082e-01       2.412249134815e+02 
       5.692374638826e-01       2.382870564114e+02 
       5.724670609711e-01       2.354072365020e+02 
       5.756966581720e-01       2.325811901282e+02 
       5.789262554833e-01       2.298051997820e+02 
       5.821558529031e-01       2.270759123871e+02 
       5.853854504297e-01       2.243893718647e+02 
       5.886150480613e-01       2.217442746457e+02 
       5.918446457962e-01       2.191396610256e+02 
       5.950742436327e-01       2.165750462307e+02 
       5.983038415692e-01       2.140497154644e+02 
       6.015334396039e-01       2.115626105036e+02 
       6.047630377354e-01       2.091119117966e+02 
       6.079926359622e-01       2.066965574246e+02 
       6.112222342826e-01       2.043162509144e+02 
       6.144518326952e-01       2.019718971126e+02 
       6.176814311986e-01       1.996636075932e+02 
       6.209110297913e-01       1.973948534080e+02 
       6.241406284720e-01       1.951655413346e+02 
       6.273702272392e-01       1.929734271475e+02 
       6.305998260918e-01       1.908186872698e+02 
       6.338294250282e-01       1.886996665135e+02 
       6.370590240474e-01       1.866137242355e+02 
       6.402886231479e-01       1.845606961322e+02 
       6.435182223287e-01       1.825408947864e+02 
       6.467478215884e-01       1.805533964298e+02 
       6.499774209259e-01       1.785973514066e+02 
       6.532070203401e-01       1.766718398898e+02 
       6.564366198297e-01       1.747739667331e+02 
       6.596662193938e-01       1.729028067804e+02 
       6.628958190312e-01       1.710572737008e+02 
       6.661254187408e-01       1.692371846909e+02 
       6.693550185216e-01       1.674432446252e+02 
       6.725846183726e-01       1.656755556835e+02 
       6.758142182927e-01       1.639343752513e+02 
       6.790438182810e-01       1.622190341015e+02 
       6.822734183365e-01       1.605276820829e+02 
       6.855030184582e-01       1.588606910358e+02 
       6.887326186453e-01       1.572165431844e+02 
       6.919622188967e-01       1.555960805296e+02 
       6.951918192116e-01       1.539997367841e+02 
       6.984214195892e-01       1.524275948243e+02 
       7.016510200284e-01       1.508794231052e+02 
       7.048806205286e-01       1.493541073005e+02 
       7.081102210888e-01       1.478507976810e+02 
       7.113398217083e-01       1.463681267162e+02 
       7.145694223862e-01       1.449057624722e+02 
       7.177990231218e-01       1.434631277844e+02 
       7.210286239142e-01       1.420410965853e+02 
       7.242582247627e-01       1.406388944164e+02 
       7.274878256666e-01       1.392564046708e+02 
       7.307174266251e-01       1.378929803142e+02 
       7.339470276375e-01       1.365476780285e+02 
       7.371766287031e-01       1.352197378990e+02 
       7.404062298211e-01       1.339087404167e+02 
       7.436358309910e-01       1.326147790791e+02 
       7.468654322120e-01       1.313383679349e+02 
       7.500950334835e-01       1.300797447652e+02 
       7.533246348048e-01       1.288385906192e+02 
       7.565542361753e-01       1.276144054376e+02 
       8.263007815812e-01       1.047034995188e+02 
       9.270043399029e-01       8.066436995528e+01 
       1.086815841735e+00       5.596406939909e+01 
       1.340075489510e+00       3.430139708763e+01 
       1.684674537323e+00       1.990371760975e+01 
       2.120837542370e+00       1.140736643336e+01 
       2.669976132577e+00       6.484172028715e+00 
       3.361300802117e+00       3.658481780267e+00 
       4.231626996469e+00       2.050304322635e+00 
       5.327302759089e+00       1.141981318503e+00 
       6.706676819739e+00       6.325068439267e-01 
       8.443205877060e+00       3.485243572681e-01 
