# Matter power spectrum P(k) at redshift z=0
# for k=1.04974e-05 to 8.44321 h/Mpc,
# number of wavenumbers equal to 611
#    1:k (h/Mpc)              2:P (Mpc/h)^3        
       1.049743788834e-05       4.730151560083e+01 
       2.344149064293e-05       1.027844290780e+02 
       3.643149987812e-05       1.573657145150e+02 
       4.950276037637e-05       2.116072795924e+02 
       6.269115629253e-05       2.658337072677e+02 
       7.603348425312e-05       3.202912193945e+02 
       8.956778688270e-05       3.751923531352e+02 
       1.033337012333e-04       4.307342968346e+02 
       1.173728266271e-04       4.871084126316e+02 
       1.317291164562e-04       5.445059497647e+02 
       1.464492984877e-04       6.031222018078e+02 
       1.615833281566e-04       6.631596225171e+02 
       1.771848791361e-04       7.248307046646e+02 
       1.933118750769e-04       7.883603567535e+02 
       2.100270657073e-04       8.539886053956e+02 
       2.273986493315e-04       9.219728475232e+02 
       2.455009419910e-04       9.925904076114e+02 
       2.644150909171e-04       1.066141017227e+03 
       2.842298261201e-04       1.142949415536e+03 
       3.050422386732e-04       1.223367496336e+03 
       3.269585670748e-04       1.307777219916e+03 
       3.500949635595e-04       1.396592139566e+03 
       3.745782000206e-04       1.490259522839e+03 
       4.005462580257e-04       1.589261185484e+03 
       4.281487293376e-04       1.694113792918e+03 
       4.575469330173e-04       1.805367648054e+03 
       4.889136341071e-04       1.923603875875e+03 
       5.224322299309e-04       2.049429317329e+03 
       5.582952576952e-04       2.183468888885e+03 
       5.967020777112e-04       2.326354592230e+03 
       6.378556080602e-04       2.478711004557e+03 
       6.819580371670e-04       2.641137319099e+03 
       7.292055268148e-04       2.814185871497e+03 
       7.797820405064e-04       2.998337954712e+03 
       8.338525821608e-04       3.193978454268e+03 
       8.915562869982e-04       3.401370810817e+03 
       9.529999372597e-04       3.620634940730e+03 
       1.018252541253e-03       3.851730008859e+03 
       1.087341581761e-03       4.094445250447e+03 
       1.160251395197e-03       4.348399071772e+03 
       1.236923901932e-03       4.613048161944e+03 
       1.317261616531e-03       4.887705266764e+03 
       1.401132587302e-03       5.171536962152e+03 
       1.488376707282e-03       5.463658581729e+03 
       1.578812740791e-03       5.763126491742e+03 
       1.672245425952e-03       6.068956433618e+03 
       1.768472120372e-03       6.380161661106e+03 
       1.867288615114e-03       6.695777033659e+03 
       1.968493910374e-03       7.014875452053e+03 
       2.071893894374e-03       7.336582306712e+03 
       2.177303977961e-03       7.660083789475e+03 
       2.284550807596e-03       7.984631568251e+03 
       2.393473213354e-03       8.309545949594e+03 
       2.503922555405e-03       8.634212880165e+03 
       2.615762621462e-03       8.958083016164e+03 
       2.728869207296e-03       9.280669103172e+03 
       2.843129488410e-03       9.601538516501e+03 
       2.958441267353e-03       9.920312873028e+03 
       3.074712159995e-03       1.023665907816e+04 
       3.191858766366e-03       1.055028809914e+04 
       3.309805857433e-03       1.086094806743e+04 
       3.428485598284e-03       1.116842299967e+04 
       3.547836820028e-03       1.147252447662e+04 
       3.667804346820e-03       1.177309467548e+04 
       3.788338380336e-03       1.206999675253e+04 
       3.909393941216e-03       1.236311711953e+04 
       4.030930365231e-03       1.265235896352e+04 
       4.152910850844e-03       1.293764533373e+04 
       4.275302054290e-03       1.321890931346e+04 
       4.398073728047e-03       1.349610374881e+04 
       4.521198398615e-03       1.376918428300e+04 
       4.644651079628e-03       1.403812399127e+04 
       4.768409016616e-03       1.430289855948e+04 
       4.892451459957e-03       1.456348737681e+04 
       5.016759462915e-03       1.481990449988e+04 
       5.141315701932e-03       1.507214235242e+04 
       5.266104316637e-03       1.532019720941e+04 
       5.391110767315e-03       1.556409117717e+04 
       5.516321707831e-03       1.580382397906e+04 
       5.641724872217e-03       1.603941650292e+04 
       5.767308973374e-03       1.627088616935e+04 
       5.893063612462e-03       1.649825502924e+04 
       6.018979197799e-03       1.672155128828e+04 
       6.145046872152e-03       1.694079895429e+04 
       6.271258447491e-03       1.715602779349e+04 
       6.397606346368e-03       1.736726722720e+04 
       6.524083549175e-03       1.757454618222e+04 
       6.650683546636e-03       1.777790079924e+04 
       6.777400296968e-03       1.797736513261e+04 
       6.904228187186e-03       1.817296965014e+04 
       7.031161998130e-03       1.836475623638e+04 
       7.158196872798e-03       1.855275634938e+04 
       7.285328287651e-03       1.873700320480e+04 
       7.412552026568e-03       1.891753674968e+04 
       7.539864157194e-03       1.909439179555e+04 
       7.667261009418e-03       1.926761201860e+04 
       7.794739155780e-03       1.943722093430e+04 
       7.922295393610e-03       1.960327371076e+04 
       8.049926728727e-03       1.976579622967e+04 
       8.177630360542e-03       1.992482421753e+04 
       8.305403668443e-03       2.008040133326e+04 
       8.433244199320e-03       2.023256635353e+04 
       8.561149656140e-03       2.038135471505e+04 
       8.689117887464e-03       2.052680052761e+04 
       8.817146877816e-03       2.066894544611e+04 
       8.945234738842e-03       2.080782211026e+04 
       9.073379701171e-03       2.094346872285e+04 
       9.201580106917e-03       2.107592367625e+04 
       9.329834402781e-03       2.120521651641e+04 
       9.458141133679e-03       2.133139246641e+04 
       9.586498936868e-03       2.145447987564e+04 
       9.714906536516e-03       2.157450574721e+04 
       9.843362738684e-03       2.169152358857e+04 
       9.971866426687e-03       2.180555313234e+04 
       1.010041655680e-02       2.191663338978e+04 
       1.022901215427e-02       2.202479843348e+04 
       1.035765230964e-02       2.213007536027e+04 
       1.048633617533e-02       2.223250366728e+04 
       1.061506296247e-02       2.233211627483e+04 
       1.074383193793e-02       2.242894468118e+04 
       1.087264242162e-02       2.252301952484e+04 
       1.100149378393e-02       2.261436765350e+04 
       1.113038544340e-02       2.270303457014e+04 
       1.125931686448e-02       2.278903468974e+04 
       1.138828755552e-02       2.287240853496e+04 
       1.151729706690e-02       2.295319460700e+04 
       1.164634498920e-02       2.303140284519e+04 
       1.177543095163e-02       2.310708334001e+04 
       1.190455462045e-02       2.318025319382e+04 
       1.203371569759e-02       2.325095269356e+04 
       1.216291391931e-02       2.331920155416e+04 
       1.229214905499e-02       2.338503396622e+04 
       1.242142090596e-02       2.344848383207e+04 
       1.255072930447e-02       2.350957684938e+04 
       1.268007411270e-02       2.356833850508e+04 
       1.280945522186e-02       2.362480778590e+04 
       1.293887255129e-02       2.367900348092e+04 
       1.306832604776e-02       2.373095722313e+04 
       1.319781568468e-02       2.378069714792e+04 
       1.332734146145e-02       2.382824929626e+04 
       1.345690340285e-02       2.387363790414e+04 
       1.358650155848e-02       2.391690139779e+04 
       1.371613600221e-02       2.395804615853e+04 
       1.384580683173e-02       2.399712071039e+04 
       1.397551416807e-02       2.403413275118e+04 
       1.410525815527e-02       2.406911433058e+04 
       1.423503895996e-02       2.410209532084e+04 
       1.436485677106e-02       2.413309960684e+04 
       1.449471179948e-02       2.416215500383e+04 
       1.462460427788e-02       2.418927741066e+04 
       1.475453446040e-02       2.421449777798e+04 
       1.488450262251e-02       2.423783958046e+04 
       1.501450906081e-02       2.425932437203e+04 
       1.514455409288e-02       2.427898694610e+04 
       1.527463805718e-02       2.429684464996e+04 
       1.540476131293e-02       2.431290957278e+04 
       1.553492424007e-02       2.432722248166e+04 
       1.566512723919e-02       2.433980473038e+04 
       1.579537073151e-02       2.435065757953e+04 
       1.592565515890e-02       2.435982700535e+04 
       1.605598098384e-02       2.436732195099e+04 
       1.618634868952e-02       2.437317649674e+04 
       1.631675877986e-02       2.437741010718e+04 
       1.644721177959e-02       2.438004206101e+04 
       1.657770823436e-02       2.438108940646e+04 
       1.670824871085e-02       2.438057271347e+04 
       1.683883379690e-02       2.437853652372e+04 
       1.696946410165e-02       2.437498452805e+04 
       1.710014025572e-02       2.436991293412e+04 
       1.723086291138e-02       2.436337886196e+04 
       1.736163274279e-02       2.435539039844e+04 
       1.749245044617e-02       2.434600092140e+04 
       1.762331674007e-02       2.433516856652e+04 
       1.775423236560e-02       2.432294210502e+04 
       1.788519808673e-02       2.430936494710e+04 
       1.801621469053e-02       2.429442289693e+04 
       1.814728298754e-02       2.427814534449e+04 
       1.827840381201e-02       2.426056806422e+04 
       1.840957802229e-02       2.424168836854e+04 
       1.854080650118e-02       2.422154258724e+04 
       1.867209015626e-02       2.420012971305e+04 
       1.880342992035e-02       2.417750258507e+04 
       1.893482675181e-02       2.415363903952e+04 
       1.906628163508e-02       2.412859738103e+04 
       1.919779558100e-02       2.410237055030e+04 
       1.932936962738e-02       2.407496491920e+04 
       1.946100483937e-02       2.404641759466e+04 
       1.959270231003e-02       2.401677510082e+04 
       1.972446316079e-02       2.398599846030e+04 
       1.985628854201e-02       2.395417728476e+04 
       1.998817963353e-02       2.392124738638e+04 
       2.012013764521e-02       2.388728342875e+04 
       2.025216381752e-02       2.385227924800e+04 
       2.038425942219e-02       2.381623904161e+04 
       2.051642576279e-02       2.377922734749e+04 
       2.064866417540e-02       2.374121393881e+04 
       2.078097602928e-02       2.370222565734e+04 
       2.091336272756e-02       2.366233987060e+04 
       2.104582570797e-02       2.362147321278e+04 
       2.117836644353e-02       2.357969226919e+04 
       2.131098644339e-02       2.353703765414e+04 
       2.144368725356e-02       2.349350156761e+04 
       2.157647045771e-02       2.344906333137e+04 
       2.170933767807e-02       2.340380134615e+04 
       2.184229057624e-02       2.335771610479e+04 
       2.197533085410e-02       2.331079603967e+04 
       2.210846025472e-02       2.326309113254e+04 
       2.224168056333e-02       2.321455502825e+04 
       2.237499360827e-02       2.316530655858e+04 
       2.250840126202e-02       2.311529341591e+04 
       2.264190544221e-02       2.306452243145e+04 
       2.277550811274e-02       2.301303641771e+04 
       2.290921128482e-02       2.296085582296e+04 
       2.304301701819e-02       2.290791023900e+04 
       2.317692742221e-02       2.285435461881e+04 
       2.331094465715e-02       2.280011747654e+04 
       2.344507093537e-02       2.274522467693e+04 
       2.357930852268e-02       2.268968345516e+04 
       2.371365973961e-02       2.263353218959e+04 
       2.384812696282e-02       2.257677959423e+04 
       2.398271262651e-02       2.251941252499e+04 
       2.411741922386e-02       2.246144120728e+04 
       2.425224930857e-02       2.240295676615e+04 
       2.438720549639e-02       2.234386665068e+04 
       2.452229046676e-02       2.228426575492e+04 
       2.465750696442e-02       2.222410718760e+04 
       2.479285780117e-02       2.216343688602e+04 
       2.492834585761e-02       2.210227007200e+04 
       2.506397408497e-02       2.204059915883e+04 
       2.519974550703e-02       2.197845709447e+04 
       2.533566322200e-02       2.191585317186e+04 
       2.547173040462e-02       2.185280584090e+04 
       2.560795030815e-02       2.178924869866e+04 
       2.574432626660e-02       2.172536910206e+04 
       2.588086169693e-02       2.166098105506e+04 
       2.601756010130e-02       2.159624248580e+04 
       2.615442506955e-02       2.153105203892e+04 
       2.629146028154e-02       2.146542783645e+04 
       2.642866950981e-02       2.139955876577e+04 
       2.656605662213e-02       2.133328275081e+04 
       2.670362558426e-02       2.126658635983e+04 
       2.684138046277e-02       2.119964320580e+04 
       2.697932542799e-02       2.113228686297e+04 
       2.711746475697e-02       2.106464647960e+04 
       2.725580283669e-02       2.099669477012e+04 
       2.739434416725e-02       2.092845351136e+04 
       2.753309336527e-02       2.085989172655e+04 
       2.767205516740e-02       2.079105989582e+04 
       2.781123443389e-02       2.072194539119e+04 
       2.795063615238e-02       2.065258141414e+04 
       2.809026544179e-02       2.058298769378e+04 
       2.823012755638e-02       2.051310927115e+04 
       2.837022788990e-02       2.044303719319e+04 
       2.851057198001e-02       2.037269011001e+04 
       2.865116551275e-02       2.030212855463e+04 
       2.879201432730e-02       2.023142051049e+04 
       2.893312442082e-02       2.016051030445e+04 
       2.907450195354e-02       2.008933779973e+04 
       2.921615325408e-02       2.001801357848e+04 
       2.935808482489e-02       1.994654018939e+04 
       2.950030334802e-02       1.987487879859e+04 
       2.964281569104e-02       1.980304429305e+04 
       2.978562891323e-02       1.973114839531e+04 
       2.992875027206e-02       1.965902710456e+04 
       3.007218722991e-02       1.958671726725e+04 
       3.021594746104e-02       1.951439514347e+04 
       3.036003885896e-02       1.944188848979e+04 
       3.050446954397e-02       1.936924631723e+04 
       3.064924787117e-02       1.929654268477e+04 
       3.079438243873e-02       1.922374201818e+04 
       3.093988209656e-02       1.915083592016e+04 
       3.108575595533e-02       1.907783929967e+04 
       3.123201339595e-02       1.900476813350e+04 
       3.137866407942e-02       1.893162018991e+04 
       3.152571795720e-02       1.885838858465e+04 
       3.167318528197e-02       1.878507533877e+04 
       3.182107661893e-02       1.871175429642e+04 
       3.196940285771e-02       1.863836218250e+04 
       3.211817522467e-02       1.856487111276e+04 
       3.226740529595e-02       1.849133733138e+04 
       3.241710501109e-02       1.841784142446e+04 
       3.256728668728e-02       1.834433538062e+04 
       3.271796303435e-02       1.827077044851e+04 
       3.286914717052e-02       1.819707528781e+04 
       3.302085263888e-02       1.812349663282e+04 
       3.317309342480e-02       1.804982811254e+04 
       3.332588397412e-02       1.797617434834e+04 
       3.347923921237e-02       1.790252288603e+04 
       3.363317456495e-02       1.782882180702e+04 
       3.378770597837e-02       1.775518618895e+04 
       3.394284994271e-02       1.768153192740e+04 
       3.409862351514e-02       1.760784289573e+04 
       3.425504434483e-02       1.753424123808e+04 
       3.441213069927e-02       1.746058671147e+04 
       3.456990149190e-02       1.738698946497e+04 
       3.472837631146e-02       1.731340590296e+04 
       3.488757545292e-02       1.723984161856e+04 
       3.504751995024e-02       1.716627882131e+04 
       3.520823161098e-02       1.709276898696e+04 
       3.536973305300e-02       1.701923754193e+04 
       3.553204774336e-02       1.694579108945e+04 
       3.569520003951e-02       1.687240914733e+04 
       3.585921523305e-02       1.679897331391e+04 
       3.602411959615e-02       1.672566388384e+04 
       3.618994043092e-02       1.665233438740e+04 
       3.635670612186e-02       1.657907716496e+04 
       3.652444619170e-02       1.650579694551e+04 
       3.669319136086e-02       1.643255870553e+04 
       3.686297361081e-02       1.635941843340e+04 
       3.703382625166e-02       1.628630465242e+04 
       3.720578399432e-02       1.621322444647e+04 
       3.737888302752e-02       1.614016688586e+04 
       3.755316110028e-02       1.606717051534e+04 
       3.772865761010e-02       1.599416436694e+04 
       3.790541369740e-02       1.592122801871e+04 
       3.808347234680e-02       1.584831343008e+04 
       3.826287849589e-02       1.577545942455e+04 
       3.844367915191e-02       1.570258107403e+04 
       3.862592351732e-02       1.562982786401e+04 
       3.880966312497e-02       1.555701903130e+04 
       3.899495198365e-02       1.548428265512e+04 
       3.918184673519e-02       1.541153353380e+04 
       3.937040682406e-02       1.533883819063e+04 
       3.956069468067e-02       1.526612637076e+04 
       3.975277591988e-02       1.519345175241e+04 
       3.994671955603e-02       1.512078824308e+04 
       4.014259823622e-02       1.504810218185e+04 
       4.034048849389e-02       1.497547318905e+04 
       4.054047102446e-02       1.490278209788e+04 
       4.074263098580e-02       1.483010842989e+04 
       4.094705832581e-02       1.475740199052e+04 
       4.115384814039e-02       1.468467944587e+04 
       4.136310106500e-02       1.461196551112e+04 
       4.157492370375e-02       1.453913699051e+04 
       4.178942910027e-02       1.446635320088e+04 
       4.200673725534e-02       1.439349459467e+04 
       4.222697569687e-02       1.432055242787e+04 
       4.245028010861e-02       1.424755089549e+04 
       4.267679502492e-02       1.417445402938e+04 
       4.290667460003e-02       1.410129372597e+04 
       4.314008346130e-02       1.402804939890e+04 
       4.337719765775e-02       1.395462661540e+04 
       4.361820571654e-02       1.388111628397e+04 
       4.386330982236e-02       1.380747791916e+04 
       4.411272713690e-02       1.373368289525e+04 
       4.436669127854e-02       1.365968434465e+04 
       4.462545398581e-02       1.358550635810e+04 
       4.488928699194e-02       1.351112643637e+04 
       4.515848414315e-02       1.343657166079e+04 
       4.543336379861e-02       1.336170287762e+04 
       4.571427155733e-02       1.328658728716e+04 
       4.600158336582e-02       1.321117861590e+04 
       4.629570907023e-02       1.313542170701e+04 
       4.659709648983e-02       1.305929655493e+04 
       4.690623610374e-02       1.298285028370e+04 
       4.722366646187e-02       1.290594915863e+04 
       4.754998045456e-02       1.282860096720e+04 
       4.788583260440e-02       1.275076145702e+04 
       4.823194757985e-02       1.267236394862e+04 
       4.858913017567e-02       1.259334460825e+04 
       4.895827706185e-02       1.251366679245e+04 
       4.934039067441e-02       1.243332230196e+04 
       4.973659571221e-02       1.235211883626e+04 
       5.014815881851e-02       1.227011990295e+04 
       5.057651217286e-02       1.218710753913e+04 
       5.102328190483e-02       1.210306260835e+04 
       5.149032247919e-02       1.201783854453e+04 
       5.197975850444e-02       1.193117139813e+04 
       5.249403579957e-02       1.184316109379e+04 
       5.303598403422e-02       1.175340595197e+04 
       5.360889384986e-02       1.166174453536e+04 
       5.421661207615e-02       1.156790737447e+04 
       5.486365945544e-02       1.147152989341e+04 
       5.555537608648e-02       1.137217101869e+04 
       5.629810037075e-02       1.126937956344e+04 
       5.709938708358e-02       1.116243787920e+04 
       5.796826824764e-02       1.105045555709e+04 
       5.891555469897e-02       1.093231638081e+04 
       5.995416277487e-02       1.080661339905e+04 
       6.109942281275e-02       1.067124953132e+04 
       6.236927410158e-02       1.052361520075e+04 
       6.378416324760e-02       1.036017367460e+04 
       6.536633835660e-02       1.017625896231e+04 
       6.713811137474e-02       9.966051877545e+03 
       6.911868846914e-02       9.722693597373e+03 
       7.131961840387e-02       9.439188604302e+03 
       7.373998962901e-02       9.110077308794e+03 
       7.636375449820e-02       8.733822143279e+03 
       7.916148889807e-02       8.314863293218e+03 
       8.209649526012e-02       7.864235896308e+03 
       8.513222551234e-02       7.398033156982e+03 
       8.823761411256e-02       6.934613815048e+03 
       9.138909140136e-02       6.491471039070e+03 
       9.457013477028e-02       6.082982345869e+03 
       9.776975996147e-02       5.719078052957e+03 
       1.009809117750e-01       5.404888986845e+03 
       1.041991564299e-01       5.140994074407e+03 
       1.074217451225e-01       4.924194853874e+03 
       1.106469878101e-01       4.748341207935e+03 
       1.138738506104e-01       4.605245972308e+03 
       1.171017029028e-01       4.485581638805e+03 
       1.203301606530e-01       4.379789688962e+03 
       1.235589901540e-01       4.278855317478e+03 
       1.267880491804e-01       4.175124177672e+03 
       1.300172511241e-01       4.062900740537e+03 
       1.332465431747e-01       3.938867039810e+03 
       1.364758930585e-01       3.802169999113e+03 
       1.397052809844e-01       3.654225394501e+03 
       1.429346947528e-01       3.498249290603e+03 
       1.461641267862e-01       3.338633334182e+03 
       1.493935723256e-01       3.180247769006e+03 
       1.526230283349e-01       3.027815055688e+03 
       1.558524928351e-01       2.885405749626e+03 
       1.590819644993e-01       2.756064372287e+03 
       1.623114424059e-01       2.641635473376e+03 
       1.655409258877e-01       2.542727523906e+03 
       1.687704144403e-01       2.458802182957e+03 
       1.719999076648e-01       2.388350459043e+03 
       1.752294052335e-01       2.329123255881e+03 
       1.784589068674e-01       2.278390968646e+03 
       1.816884123231e-01       2.233223614560e+03 
       1.849179213835e-01       2.191073448874e+03 
       1.881474338521e-01       2.149319176859e+03 
       1.913769495494e-01       2.105484056291e+03 
       1.946064683099e-01       2.058083317158e+03 
       1.978359899803e-01       2.006390506494e+03 
       2.010655144181e-01       1.950454856645e+03 
       2.042950414902e-01       1.891006106051e+03 
       2.075245710722e-01       1.829284241520e+03 
       2.107541030476e-01       1.766775403727e+03 
       2.139836373069e-01       1.705034320692e+03 
       2.172131737476e-01       1.645494332937e+03 
       2.204427122729e-01       1.589324516762e+03 
       2.236722527919e-01       1.537395005192e+03 
       2.269017952188e-01       1.490232975923e+03 
       2.301313394728e-01       1.448033183004e+03 
       2.333608854774e-01       1.410673791638e+03 
       2.365904331604e-01       1.377736082549e+03 
       2.398199824537e-01       1.348562309005e+03 
       2.430495332925e-01       1.322314216872e+03 
       2.462790856157e-01       1.298065872158e+03 
       2.495086393653e-01       1.274900560152e+03 
       2.527381944863e-01       1.251998889271e+03 
       2.559677509263e-01       1.228702682687e+03 
       2.591973086359e-01       1.204561670171e+03 
       2.624268675678e-01       1.179337267018e+03 
       2.656564276772e-01       1.152991206250e+03 
       2.688859889214e-01       1.125681397814e+03 
       2.721155512598e-01       1.097687611326e+03 
       2.753451146536e-01       1.069428851036e+03 
       2.785746790660e-01       1.041374805219e+03 
       2.818042444616e-01       1.014001275416e+03 
       2.850338108070e-01       9.877432490449e+02 
       2.882633780700e-01       9.629408155924e+02 
       2.914929462199e-01       9.398114555056e+02 
       2.947225152274e-01       9.184444712753e+02 
       2.979520850645e-01       8.987963818332e+02 
       3.011816557044e-01       8.807307860101e+02 
       3.044112271213e-01       8.640326881771e+02 
       3.076407992907e-01       8.484483244819e+02 
       3.108703721890e-01       8.337035055038e+02 
       3.140999457936e-01       8.195191105622e+02 
       3.173295200828e-01       8.056368500846e+02 
       3.205590950359e-01       7.918324358598e+02 
       3.237886706328e-01       7.779343460974e+02 
       3.270182468543e-01       7.638367678093e+02 
       3.302478236822e-01       7.495064170435e+02 
       3.334774010987e-01       7.349761087498e+02 
       3.367069790867e-01       7.203370809802e+02 
       3.399365576299e-01       7.057091956224e+02 
       3.431661367125e-01       6.912269657534e+02 
       3.463957163195e-01       6.770266267590e+02 
       3.496252964361e-01       6.632283901545e+02 
       3.528548770484e-01       6.499319364356e+02 
       3.560844581427e-01       6.372146696304e+02 
       3.593140397061e-01       6.251229242727e+02 
       3.625436217260e-01       6.136703509854e+02 
       3.657732041901e-01       6.028362079559e+02 
       3.690027870868e-01       5.925661530112e+02 
       3.722323704047e-01       5.827780275969e+02 
       3.754619541331e-01       5.733799720090e+02 
       3.786915382612e-01       5.642737318117e+02 
       3.819211227790e-01       5.553717589267e+02 
       3.851507076765e-01       5.466045923825e+02 
       3.883802929443e-01       5.379214498247e+02 
       3.916098785732e-01       5.292880095276e+02 
       3.948394645543e-01       5.206878991395e+02 
       3.980690508789e-01       5.121189031394e+02 
       4.012986375388e-01       5.035893883863e+02 
       4.045282245258e-01       4.951240388089e+02 
       4.077578118322e-01       4.867559647197e+02 
       4.109873994505e-01       4.785259518780e+02 
       4.142169873732e-01       4.704720430235e+02 
       4.174465755933e-01       4.626277086994e+02 
       4.206761641040e-01       4.550155150074e+02 
       4.239057528985e-01       4.476482357579e+02 
       4.271353419704e-01       4.405273704641e+02 
       4.303649313135e-01       4.336459158750e+02 
       4.335945209216e-01       4.269932942855e+02 
       4.368241107888e-01       4.205569889836e+02 
       4.400537009094e-01       4.143211676539e+02 
       4.432832912780e-01       4.082626670408e+02 
       4.465128818889e-01       4.023571670744e+02 
       4.497424727371e-01       3.965769293446e+02 
       4.529720638175e-01       3.908976067746e+02 
       4.562016551250e-01       3.852991054888e+02 
       4.594312466548e-01       3.797672374661e+02 
       4.626608384024e-01       3.742980633279e+02 
       4.658904303632e-01       3.688876449870e+02 
       4.691200225327e-01       3.635427130646e+02 
       4.723496149066e-01       3.582681077827e+02 
       4.755792074808e-01       3.530676777529e+02 
       4.788088002512e-01       3.479510416776e+02 
       4.820383932138e-01       3.429273063808e+02 
       4.852679863648e-01       3.380063430227e+02 
       4.884975797005e-01       3.331977296709e+02 
       4.917271732171e-01       3.285085270662e+02 
       4.949567669112e-01       3.239446977820e+02 
       4.981863607793e-01       3.195034717687e+02 
       5.014159548180e-01       3.151779762210e+02 
       5.046455490240e-01       3.109576156328e+02 
       5.078751433941e-01       3.068332688735e+02 
       5.111047379252e-01       3.027962379476e+02 
       5.143343326143e-01       2.988362911330e+02 
       5.175639274583e-01       2.949487157425e+02 
       5.207935224545e-01       2.911246448438e+02 
       5.240231175999e-01       2.873592041533e+02 
       5.272527128918e-01       2.836467341094e+02 
       5.304823083276e-01       2.799836707858e+02 
       5.337119039046e-01       2.763677450037e+02 
       5.369414996202e-01       2.728018061353e+02 
       5.401710954721e-01       2.692894299828e+02 
       5.434006914576e-01       2.658346410392e+02 
       5.466302875745e-01       2.624410702702e+02 
       5.498598838205e-01       2.591100708892e+02 
       5.530894801932e-01       2.558424654838e+02 
       5.563190766905e-01       2.526366069248e+02 
       5.595486733101e-01       2.494916304491e+02 
       5.627782700501e-01       2.464076472390e+02 
       5.660078669082e-01       2.433833446403e+02 
       5.692374638826e-01       2.404192674919e+02 
       5.724670609711e-01       2.375137440509e+02 
       5.756966581720e-01       2.346624740719e+02 
       5.789262554833e-01       2.318617058846e+02 
       5.821558529031e-01       2.291080544517e+02 
       5.853854504297e-01       2.263975297603e+02 
       5.886150480613e-01       2.237288183275e+02 
       5.918446457962e-01       2.211009515920e+02 
       5.950742436327e-01       2.185134369765e+02 
       5.983038415692e-01       2.159655559663e+02 
       6.015334396039e-01       2.134562421764e+02 
       6.047630377354e-01       2.109836593403e+02 
       6.079926359622e-01       2.085467334895e+02 
       6.112222342826e-01       2.061451665524e+02 
       6.144518326952e-01       2.037798738173e+02 
       6.176814311986e-01       2.014509673256e+02 
       6.209110297913e-01       1.991619475406e+02 
       6.241406284720e-01       1.969127199314e+02 
       6.273702272392e-01       1.947010222418e+02 
       6.305998260918e-01       1.925270333359e+02 
       6.338294250282e-01       1.903890816184e+02 
       6.370590240474e-01       1.882845012827e+02 
       6.402886231479e-01       1.862131290794e+02 
       6.435182223287e-01       1.841752811617e+02 
       6.467478215884e-01       1.821700235599e+02 
       6.499774209259e-01       1.801964985750e+02 
       6.532070203401e-01       1.782537793707e+02 
       6.564366198297e-01       1.763389456315e+02 
       6.596662193938e-01       1.744510631649e+02 
       6.628958190312e-01       1.725890350783e+02 
       6.661254187408e-01       1.707526776190e+02 
       6.693550185216e-01       1.689427033684e+02 
       6.725846183726e-01       1.671592144090e+02 
       6.758142182927e-01       1.654024693704e+02 
       6.790438182810e-01       1.636717935691e+02 
       6.822734183365e-01       1.619653215941e+02 
       6.855030184582e-01       1.602834286800e+02 
       6.887326186453e-01       1.586245815319e+02 
       6.919622188967e-01       1.569896300683e+02 
       6.951918192116e-01       1.553790135654e+02 
       6.984214195892e-01       1.537928156049e+02 
       7.016510200284e-01       1.522308010230e+02 
       7.048806205286e-01       1.506918456614e+02 
       7.081102210888e-01       1.491750931678e+02 
       7.113398217083e-01       1.476791641437e+02 
       7.145694223862e-01       1.462037229674e+02 
       7.177990231218e-01       1.447481861741e+02 
       7.210286239142e-01       1.433134372533e+02 
       7.242582247627e-01       1.418986949936e+02 
       7.274878256666e-01       1.405038410643e+02 
       7.307174266251e-01       1.391282219993e+02 
       7.339470276375e-01       1.377708861465e+02 
       7.371766287031e-01       1.364310690344e+02 
       7.404062298211e-01       1.351083455105e+02 
       7.436358309910e-01       1.338028089467e+02 
       7.468654322120e-01       1.325149795092e+02 
       7.500950334835e-01       1.312450974996e+02 
       7.533246348048e-01       1.299928410177e+02 
       7.565542361753e-01       1.287577041266e+02 
       8.263007815812e-01       1.056417829991e+02 
       9.270043399029e-01       8.138743185068e+01 
       1.086815841735e+00       5.646586922835e+01 
       1.340075489510e+00       3.460904260054e+01 
       1.684674537323e+00       2.008226598990e+01 
       2.120837542370e+00       1.150970988261e+01 
       2.669976132577e+00       6.542350547343e+00 
       3.361300802117e+00       3.691308695506e+00 
       4.231626996469e+00       2.068701906773e+00 
       5.327302759089e+00       1.152228629458e+00 
       6.706676819739e+00       6.381825708211e-01 
       8.443205877060e+00       3.516518241026e-01 
