# Matter power spectrum P(k) at redshift z=0
# for k=1.04974e-05 to 8.44321 h/Mpc,
# number of wavenumbers equal to 611
#    1:k (h/Mpc)              2:P (Mpc/h)^3        
       1.049743788834e-05       4.730185378085e+01 
       2.344149064293e-05       1.027851568326e+02 
       3.643149987812e-05       1.573668094877e+02 
       4.950276037637e-05       2.116087146266e+02 
       6.269115629253e-05       2.658354482307e+02 
       7.603348425312e-05       3.202932238625e+02 
       8.956778688270e-05       3.751945691059e+02 
       1.033337012333e-04       4.307366612494e+02 
       1.173728266271e-04       4.871108495955e+02 
       1.317291164562e-04       5.445083683764e+02 
       1.464492984877e-04       6.031244935063e+02 
       1.615833281566e-04       6.630893649677e+02 
       1.771848791361e-04       7.247457039195e+02 
       1.933118750769e-04       7.882586155781e+02 
       2.100270657073e-04       8.538678935241e+02 
       2.273986493315e-04       9.218306618941e+02 
       2.455009419910e-04       9.924239258084e+02 
       2.644150909171e-04       1.065947042826e+03 
       2.842298261201e-04       1.142724313794e+03 
       3.050422386732e-04       1.223107118500e+03 
       3.269585670748e-04       1.307476813884e+03 
       3.500949635595e-04       1.396246244725e+03 
       3.745782000206e-04       1.489861846158e+03 
       4.005462580257e-04       1.588804456009e+03 
       4.281487293376e-04       1.693589591345e+03 
       4.575469330173e-04       1.804766208122e+03 
       4.889136341071e-04       1.922913854358e+03 
       5.224322299309e-04       2.048637529924e+03 
       5.582952576952e-04       2.182560010114e+03 
       5.967020777112e-04       2.325310819142e+03 
       6.378556080602e-04       2.477511686291e+03 
       6.819580371670e-04       2.639758557371e+03 
       7.292055268148e-04       2.812600101258e+03 
       7.797820405064e-04       2.996513518781e+03 
       8.338525821608e-04       3.191879190479e+03 
       8.915562869982e-04       3.398955674804e+03 
       9.529999372597e-04       3.617857690365e+03 
       1.018252541253e-03       3.848538977579e+03 
       1.087341581761e-03       4.090783233931e+03 
       1.160251395197e-03       4.344203348135e+03 
       1.236923901932e-03       4.608250656404e+03 
       1.317261616531e-03       4.882232862084e+03 
       1.401132587302e-03       5.165311988115e+03 
       1.488376707282e-03       5.456599323117e+03 
       1.578812740791e-03       5.755147839357e+03 
       1.672245425952e-03       6.059970615132e+03 
       1.768472120372e-03       6.370078980747e+03 
       1.867288615114e-03       6.684506604086e+03 
       1.968493910374e-03       7.002325894239e+03 
       2.071893894374e-03       7.322662390499e+03 
       2.177303977961e-03       7.644702999930e+03 
       2.284550807596e-03       7.967700586943e+03 
       2.393473213354e-03       8.290977042633e+03 
       2.503922555405e-03       8.613920201025e+03 
       2.615762621462e-03       8.935982820981e+03 
       2.728869207296e-03       9.256679887844e+03 
       2.843129488410e-03       9.575581096568e+03 
       2.958441267353e-03       9.892310400674e+03 
       3.074712159995e-03       1.020653703090e+04 
       3.191858766366e-03       1.051797423250e+04 
       3.309805857433e-03       1.082637302219e+04 
       3.428485598284e-03       1.113151951152e+04 
       3.547836820028e-03       1.143322712989e+04 
       3.667804346820e-03       1.173134077200e+04 
       3.788338380336e-03       1.202572627078e+04 
       3.909393941216e-03       1.231627264205e+04 
       4.030930365231e-03       1.260288561228e+04 
       4.152910850844e-03       1.288549068218e+04 
       4.275302054290e-03       1.316402332861e+04 
       4.398073728047e-03       1.343843868643e+04 
       4.521198398615e-03       1.370869464609e+04 
       4.644651079628e-03       1.397476642218e+04 
       4.768409016616e-03       1.423663179229e+04 
       4.892451459957e-03       1.449427215792e+04 
       5.016759462915e-03       1.474770339320e+04 
       5.141315701932e-03       1.499691977412e+04 
       5.266104316637e-03       1.524191934478e+04 
       5.391110767315e-03       1.548272578708e+04 
       5.516321707831e-03       1.571934044811e+04 
       5.641724872217e-03       1.595178566379e+04 
       5.767308973374e-03       1.618008026009e+04 
       5.893063612462e-03       1.640424760976e+04 
       6.018979197799e-03       1.662431715381e+04 
       6.145046872152e-03       1.684031411584e+04 
       6.271258447491e-03       1.705226940767e+04 
       6.397606346368e-03       1.726021357563e+04 
       6.524083549175e-03       1.746417665445e+04 
       6.650683546636e-03       1.766419584002e+04 
       6.777400296968e-03       1.786030625025e+04 
       6.904228187186e-03       1.805253944312e+04 
       7.031161998130e-03       1.824093832160e+04 
       7.158196872798e-03       1.842553543939e+04 
       7.285328287651e-03       1.860636510292e+04 
       7.412552026568e-03       1.878346830815e+04 
       7.539864157194e-03       1.895688095088e+04 
       7.667261009418e-03       1.912664772204e+04 
       7.794739155780e-03       1.929279329237e+04 
       7.922295393610e-03       1.945537373226e+04 
       8.049926728727e-03       1.961441602730e+04 
       8.177630360542e-03       1.976995690715e+04 
       8.305403668443e-03       1.992204094001e+04 
       8.433244199320e-03       2.007070781992e+04 
       8.561149656140e-03       2.021599389104e+04 
       8.689117887464e-03       2.035793414966e+04 
       8.817146877816e-03       2.049657104102e+04 
       8.945234738842e-03       2.063193804206e+04 
       9.073379701171e-03       2.076407411953e+04 
       9.201580106917e-03       2.089301840939e+04 
       9.329834402781e-03       2.101880126353e+04 
       9.458141133679e-03       2.114146856392e+04 
       9.586498936868e-03       2.126104946922e+04 
       9.714906536516e-03       2.137757181558e+04 
       9.843362738684e-03       2.149108970184e+04 
       9.971866426687e-03       2.160162378778e+04 
       1.010041655680e-02       2.170921384953e+04 
       1.022901215427e-02       2.181389479326e+04 
       1.035765230964e-02       2.191569464263e+04 
       1.048633617533e-02       2.201465372365e+04 
       1.061506296247e-02       2.211080586941e+04 
       1.074383193793e-02       2.220418352693e+04 
       1.087264242162e-02       2.229481830556e+04 
       1.100149378393e-02       2.238273807517e+04 
       1.113038544340e-02       2.246798916540e+04 
       1.125931686448e-02       2.255058714611e+04 
       1.138828755552e-02       2.263057340415e+04 
       1.151729706690e-02       2.270798730715e+04 
       1.164634498920e-02       2.278283995001e+04 
       1.177543095163e-02       2.285518210276e+04 
       1.190455462045e-02       2.292503187825e+04 
       1.203371569759e-02       2.299243026894e+04 
       1.216291391931e-02       2.305739788146e+04 
       1.229214905499e-02       2.311996958456e+04 
       1.242142090596e-02       2.318017989821e+04 
       1.255072930447e-02       2.323805519004e+04 
       1.268007411270e-02       2.329362155240e+04 
       1.280945522186e-02       2.334691836681e+04 
       1.293887255129e-02       2.339796501810e+04 
       1.306832604776e-02       2.344679350197e+04 
       1.319781568468e-02       2.349343232741e+04 
       1.332734146145e-02       2.353790789040e+04 
       1.345690340285e-02       2.358024475909e+04 
       1.358650155848e-02       2.362048148086e+04 
       1.371613600221e-02       2.365862493427e+04 
       1.384580683173e-02       2.369472356706e+04 
       1.397551416807e-02       2.372878550915e+04 
       1.410525815527e-02       2.376084289620e+04 
       1.423503895996e-02       2.379092571517e+04 
       1.436485677106e-02       2.381905801766e+04 
       1.449471179948e-02       2.384526770851e+04 
       1.462460427788e-02       2.386957095264e+04 
       1.475453446040e-02       2.389199874715e+04 
       1.488450262251e-02       2.391257470310e+04 
       1.501450906081e-02       2.393132053237e+04 
       1.514455409288e-02       2.394827099715e+04 
       1.527463805718e-02       2.396344365323e+04 
       1.540476131293e-02       2.397685086222e+04 
       1.553492424007e-02       2.398853326162e+04 
       1.566512723919e-02       2.399851233101e+04 
       1.579537073151e-02       2.400678976217e+04 
       1.592565515890e-02       2.401341128653e+04 
       1.605598098384e-02       2.401838615036e+04 
       1.618634868952e-02       2.402174834605e+04 
       1.631675877986e-02       2.402351747244e+04 
       1.644721177959e-02       2.402371292968e+04 
       1.657770823436e-02       2.402235192350e+04 
       1.670824871085e-02       2.401945514795e+04 
       1.683883379690e-02       2.401506681931e+04 
       1.696946410165e-02       2.400919101789e+04 
       1.710014025572e-02       2.400182443332e+04 
       1.723086291138e-02       2.399302369235e+04 
       1.736163274279e-02       2.398279720651e+04 
       1.749245044617e-02       2.397119787785e+04 
       1.762331674007e-02       2.395818501799e+04 
       1.775423236560e-02       2.394380703734e+04 
       1.788519808673e-02       2.392810710121e+04 
       1.801621469053e-02       2.391107171428e+04 
       1.814728298754e-02       2.389273031689e+04 
       1.827840381201e-02       2.387311857963e+04 
       1.840957802229e-02       2.385223434664e+04 
       1.854080650118e-02       2.383011385047e+04 
       1.867209015626e-02       2.380675676801e+04 
       1.880342992035e-02       2.378221543504e+04 
       1.893482675181e-02       2.375646876698e+04 
       1.906628163508e-02       2.372957452155e+04 
       1.919779558100e-02       2.370152637182e+04 
       1.932936962738e-02       2.367233123394e+04 
       1.946100483937e-02       2.364202607183e+04 
       1.959270231003e-02       2.361065705702e+04 
       1.972446316079e-02       2.357818668549e+04 
       1.985628854201e-02       2.354470331190e+04 
       1.998817963353e-02       2.351014454391e+04 
       2.012013764521e-02       2.347458413389e+04 
       2.025216381752e-02       2.343801658982e+04 
       2.038425942219e-02       2.340044649569e+04 
       2.051642576279e-02       2.336193758653e+04 
       2.064866417540e-02       2.332246063993e+04 
       2.078097602928e-02       2.328204238039e+04 
       2.091336272756e-02       2.324075903484e+04 
       2.104582570797e-02       2.319852918804e+04 
       2.117836644353e-02       2.315541838832e+04 
       2.131098644339e-02       2.311146671812e+04 
       2.144368725356e-02       2.306666677063e+04 
       2.157647045771e-02       2.302099842475e+04 
       2.170933767807e-02       2.297453872191e+04 
       2.184229057624e-02       2.292728825260e+04 
       2.197533085410e-02       2.287923578631e+04 
       2.210846025472e-02       2.283043036928e+04 
       2.224168056333e-02       2.278082663638e+04 
       2.237499360827e-02       2.273054103062e+04 
       2.250840126202e-02       2.267952239029e+04 
       2.264190544221e-02       2.262777735017e+04 
       2.277550811274e-02       2.257534786600e+04 
       2.290921128482e-02       2.252225395882e+04 
       2.304301701819e-02       2.246842667213e+04 
       2.317692742221e-02       2.241401774123e+04 
       2.331094465715e-02       2.235895713632e+04 
       2.344507093537e-02       2.230327017557e+04 
       2.357930852268e-02       2.224696396151e+04 
       2.371365973961e-02       2.219007607237e+04 
       2.384812696282e-02       2.213261506618e+04 
       2.398271262651e-02       2.207456810156e+04 
       2.411741922386e-02       2.201594524309e+04 
       2.425224930857e-02       2.195683570879e+04 
       2.438720549639e-02       2.189714902935e+04 
       2.452229046676e-02       2.183697813196e+04 
       2.465750696442e-02       2.177627722808e+04 
       2.479285780117e-02       2.171509136777e+04 
       2.492834585761e-02       2.165343557677e+04 
       2.506397408497e-02       2.159130254275e+04 
       2.519974550703e-02       2.152872464304e+04 
       2.533566322200e-02       2.146571110901e+04 
       2.547173040462e-02       2.140228014727e+04 
       2.560795030815e-02       2.133836698552e+04 
       2.574432626660e-02       2.127415492084e+04 
       2.588086169693e-02       2.120946233509e+04 
       2.601756010130e-02       2.114444373056e+04 
       2.615442506955e-02       2.107900022685e+04 
       2.629146028154e-02       2.101314971428e+04 
       2.642866950981e-02       2.094707683260e+04 
       2.656605662213e-02       2.088062341604e+04 
       2.670362558426e-02       2.081377650967e+04 
       2.684138046277e-02       2.074670575383e+04 
       2.697932542799e-02       2.067924878176e+04 
       2.711746475697e-02       2.061153179362e+04 
       2.725580283669e-02       2.054352823811e+04 
       2.739434416725e-02       2.047525944407e+04 
       2.753309336527e-02       2.040669525926e+04 
       2.767205516740e-02       2.033788501268e+04 
       2.781123443389e-02       2.026881640699e+04 
       2.795063615238e-02       2.019952187843e+04 
       2.809026544179e-02       2.013002067213e+04 
       2.823012755638e-02       2.006025919400e+04 
       2.837022788990e-02       1.999032622280e+04 
       2.851057198001e-02       1.992014239689e+04 
       2.865116551275e-02       1.984976674949e+04 
       2.879201432730e-02       1.977926548336e+04 
       2.893312442082e-02       1.970858429315e+04 
       2.907450195354e-02       1.963766447417e+04 
       2.921615325408e-02       1.956661378880e+04 
       2.935808482489e-02       1.949543463256e+04 
       2.950030334802e-02       1.942408909900e+04 
       2.964281569104e-02       1.935259164037e+04 
       2.978562891323e-02       1.928105102058e+04 
       2.992875027206e-02       1.920930736301e+04 
       3.007218722991e-02       1.913739658326e+04 
       3.021594746104e-02       1.906549026322e+04 
       3.036003885896e-02       1.899342058763e+04 
       3.050446954397e-02       1.892123524844e+04 
       3.064924787117e-02       1.884900633691e+04 
       3.079438243873e-02       1.877669914012e+04 
       3.093988209656e-02       1.870430555081e+04 
       3.108575595533e-02       1.863183997631e+04 
       3.123201339595e-02       1.855931799794e+04 
       3.137866407942e-02       1.848673744537e+04 
       3.152571795720e-02       1.841409162467e+04 
       3.167318528197e-02       1.834138249656e+04 
       3.182107661893e-02       1.826868197923e+04 
       3.196940285771e-02       1.819592850275e+04 
       3.211817522467e-02       1.812309496376e+04 
       3.226740529595e-02       1.805023609688e+04 
       3.241710501109e-02       1.797743028899e+04 
       3.256728668728e-02       1.790463086478e+04 
       3.271796303435e-02       1.783179039633e+04 
       3.286914717052e-02       1.775883954950e+04 
       3.302085263888e-02       1.768601819945e+04 
       3.317309342480e-02       1.761312570470e+04 
       3.332588397412e-02       1.754026373423e+04 
       3.347923921237e-02       1.746742013608e+04 
       3.363317456495e-02       1.739454441382e+04 
       3.378770597837e-02       1.732174832757e+04 
       3.394284994271e-02       1.724895007603e+04 
       3.409862351514e-02       1.717613392490e+04 
       3.425504434483e-02       1.710341845994e+04 
       3.441213069927e-02       1.703066732489e+04 
       3.456990149190e-02       1.695798743388e+04 
       3.472837631146e-02       1.688533632492e+04 
       3.488757545292e-02       1.681271933220e+04 
       3.504751995024e-02       1.674011909246e+04 
       3.520823161098e-02       1.666758548120e+04 
       3.536973305300e-02       1.659504601406e+04 
       3.553204774336e-02       1.652260408521e+04 
       3.569520003951e-02       1.645023971430e+04 
       3.585921523305e-02       1.637783795021e+04 
       3.602411959615e-02       1.630557367725e+04 
       3.618994043092e-02       1.623330473475e+04 
       3.635670612186e-02       1.616112066658e+04 
       3.652444619170e-02       1.608892905157e+04 
       3.669319136086e-02       1.601679287153e+04 
       3.686297361081e-02       1.594476641019e+04 
       3.703382625166e-02       1.587278035059e+04 
       3.720578399432e-02       1.580084154495e+04 
       3.737888302752e-02       1.572893940056e+04 
       3.755316110028e-02       1.565711126667e+04 
       3.772865761010e-02       1.558528835253e+04 
       3.790541369740e-02       1.551354776170e+04 
       3.808347234680e-02       1.544184291924e+04 
       3.826287849589e-02       1.537021139068e+04 
       3.844367915191e-02       1.529857086166e+04 
       3.862592351732e-02       1.522706607548e+04 
       3.880966312497e-02       1.515552188710e+04 
       3.899495198365e-02       1.508406226244e+04 
       3.918184673519e-02       1.501260462099e+04 
       3.937040682406e-02       1.494121328776e+04 
       3.956069468067e-02       1.486982015495e+04 
       3.975277591988e-02       1.479847712321e+04 
       3.994671955603e-02       1.472715883700e+04 
       4.014259823622e-02       1.465583265916e+04 
       4.034048849389e-02       1.458457556928e+04 
       4.054047102446e-02       1.451327222287e+04 
       4.074263098580e-02       1.444199952652e+04 
       4.094705832581e-02       1.437070891564e+04 
       4.115384814039e-02       1.429941651008e+04 
       4.136310106500e-02       1.422814620364e+04 
       4.157492370375e-02       1.415677893114e+04 
       4.178942910027e-02       1.408546874937e+04 
       4.200673725534e-02       1.401410015245e+04 
       4.222697569687e-02       1.394266472735e+04 
       4.245028010861e-02       1.387118592698e+04 
       4.267679502492e-02       1.379962904385e+04 
       4.290667460003e-02       1.372802493506e+04 
       4.314008346130e-02       1.365635373974e+04 
       4.337719765775e-02       1.358452428947e+04 
       4.361820571654e-02       1.351262440341e+04 
       4.386330982236e-02       1.344061500065e+04 
       4.411272713690e-02       1.336846847139e+04 
       4.436669127854e-02       1.329613961273e+04 
       4.462545398581e-02       1.322365172512e+04 
       4.488928699194e-02       1.315098320045e+04 
       4.515848414315e-02       1.307816025828e+04 
       4.543336379861e-02       1.300504882991e+04 
       4.571427155733e-02       1.293171394802e+04 
       4.600158336582e-02       1.285811127818e+04 
       4.629570907023e-02       1.278418795508e+04 
       4.659709648983e-02       1.270992506867e+04 
       4.690623610374e-02       1.263536846210e+04 
       4.722366646187e-02       1.256038966458e+04 
       4.754998045456e-02       1.248499669144e+04 
       4.788583260440e-02       1.240914740703e+04 
       4.823194757985e-02       1.233277813379e+04 
       4.858913017567e-02       1.225582800458e+04 
       4.895827706185e-02       1.217826246329e+04 
       4.934039067441e-02       1.210007447409e+04 
       4.973659571221e-02       1.202108000692e+04 
       5.014815881851e-02       1.194134153625e+04 
       5.057651217286e-02       1.186065097713e+04 
       5.102328190483e-02       1.177899196640e+04 
       5.149032247919e-02       1.169622590956e+04 
       5.197975850444e-02       1.161210186442e+04 
       5.249403579957e-02       1.152671910567e+04 
       5.303598403422e-02       1.143969535299e+04 
       5.360889384986e-02       1.135088014903e+04 
       5.421661207615e-02       1.126002050582e+04 
       5.486365945544e-02       1.116677394881e+04 
       5.555537608648e-02       1.107072694687e+04 
       5.629810037075e-02       1.097145905636e+04 
       5.709938708358e-02       1.086829738608e+04 
       5.796826824764e-02       1.076040759000e+04 
       5.891555469897e-02       1.064674529148e+04 
       5.995416277487e-02       1.052599716585e+04 
       6.109942281275e-02       1.039620054207e+04 
       6.236927410158e-02       1.025491576671e+04 
       6.378416324760e-02       1.009883398243e+04 
       6.536633835660e-02       9.923591371937e+03 
       6.713811137474e-02       9.723743895091e+03 
       6.911868846914e-02       9.492873497747e+03 
       7.131961840387e-02       9.224443011697e+03 
       7.373998962901e-02       8.913366091811e+03 
       7.636375449820e-02       8.558266893094e+03 
       7.916148889807e-02       8.163419966566e+03 
       8.209649526012e-02       7.739337982882e+03 
       8.513222551234e-02       7.301312701752e+03 
       8.823761411256e-02       6.866752847601e+03 
       9.138909140136e-02       6.452198012388e+03 
       9.457013477028e-02       6.071176390577e+03 
       9.776975996147e-02       5.732949251857e+03 
       1.009809117750e-01       5.442201475277e+03 
       1.041991564299e-01       5.199309536618e+03 
       1.074217451225e-01       5.001104703785e+03 
       1.106469878101e-01       4.841670819683e+03 
       1.138738506104e-01       4.713209522187e+03 
       1.171017029028e-01       4.606874222373e+03 
       1.203301606530e-01       4.513608694223e+03 
       1.235589901540e-01       4.424859696342e+03 
       1.267880491804e-01       4.333340153095e+03 
       1.300172511241e-01       4.233600589325e+03 
       1.332465431747e-01       4.122442750950e+03 
       1.364758930585e-01       3.999022254454e+03 
       1.397052809844e-01       3.864675986683e+03 
       1.429346947528e-01       3.722478209379e+03 
       1.461641267862e-01       3.576636055343e+03 
       1.493935723256e-01       3.431809758993e+03 
       1.526230283349e-01       3.292501773775e+03 
       1.558524928351e-01       3.162570307807e+03 
       1.590819644993e-01       3.044876936022e+03 
       1.623114424059e-01       2.941132299074e+03 
       1.655409258877e-01       2.851875801486e+03 
       1.687704144403e-01       2.776572324241e+03 
       1.719999076648e-01       2.713785827530e+03 
       1.752294052335e-01       2.661397621621e+03 
       1.784589068674e-01       2.616846531785e+03 
       1.816884123231e-01       2.577385717558e+03 
       1.849179213835e-01       2.540625237670e+03 
       1.881474338521e-01       2.504099985575e+03 
       1.913769495494e-01       2.465474550485e+03 
       1.946064683099e-01       2.423346209567e+03 
       1.978359899803e-01       2.377030690765e+03 
       2.010655144181e-01       2.326582542341e+03 
       2.042950414902e-01       2.272705562216e+03 
       2.075245710722e-01       2.216588524619e+03 
       2.107541030476e-01       2.159650503361e+03 
       2.139836373069e-01       2.103368226653e+03 
       2.172131737476e-01       2.049094120896e+03 
       2.204427122729e-01       1.997922015866e+03 
       2.236722527919e-01       1.950657031281e+03 
       2.269017952188e-01       1.907778427175e+03 
       2.301313394728e-01       1.869453832558e+03 
       2.333608854774e-01       1.835557773568e+03 
       2.365904331604e-01       1.805692649993e+03 
       2.398199824537e-01       1.779243608374e+03 
       2.430495332925e-01       1.755432625797e+03 
       2.462790856157e-01       1.733403474602e+03 
       2.495086393653e-01       1.712310237994e+03 
       2.527381944863e-01       1.691398096252e+03 
       2.559677509263e-01       1.670062277613e+03 
       2.591973086359e-01       1.647891441703e+03 
       2.624268675678e-01       1.624671374432e+03 
       2.656564276772e-01       1.600374361068e+03 
       2.688859889214e-01       1.575154579997e+03 
       2.721155512598e-01       1.549278394774e+03 
       2.753451146536e-01       1.523138613706e+03 
       2.785746790660e-01       1.497171557262e+03 
       2.818042444616e-01       1.471815195637e+03 
       2.850338108070e-01       1.447465975711e+03 
       2.882633780700e-01       1.424430136096e+03 
       2.914929462199e-01       1.402899892458e+03 
       2.947225152274e-01       1.382950041296e+03 
       2.979520850645e-01       1.364535398122e+03 
       3.011816557044e-01       1.347527932306e+03 
       3.044112271213e-01       1.331730353800e+03 
       3.076407992907e-01       1.316912199149e+03 
       3.108703721890e-01       1.302826318602e+03 
       3.140999457936e-01       1.289222646086e+03 
       3.173295200828e-01       1.275871099897e+03 
       3.205590950359e-01       1.262573188961e+03 
       3.237886706328e-01       1.249178555466e+03 
       3.270182468543e-01       1.235596207688e+03 
       3.302478236822e-01       1.221800139792e+03 
       3.334774010987e-01       1.207823098045e+03 
       3.367069790867e-01       1.193749148920e+03 
       3.399365576299e-01       1.179686820624e+03 
       3.431661367125e-01       1.165756400655e+03 
       3.463957163195e-01       1.152078362230e+03 
       3.496252964361e-01       1.138757817819e+03 
       3.528548770484e-01       1.125880765803e+03 
       3.560844581427e-01       1.113512830835e+03 
       3.593140397061e-01       1.101691980505e+03 
       3.625436217260e-01       1.090427566726e+03 
       3.657732041901e-01       1.079699279962e+03 
       3.690027870868e-01       1.069458226437e+03 
       3.722323704047e-01       1.059632222856e+03 
       3.754619541331e-01       1.050141505382e+03 
       3.786915382612e-01       1.040901617963e+03 
       3.819211227790e-01       1.031837946550e+03 
       3.851507076765e-01       1.022891845374e+03 
       3.883802929443e-01       1.014020972378e+03 
       3.916098785732e-01       1.005197244579e+03 
       3.948394645543e-01       9.964079175694e+02 
       3.980690508789e-01       9.876522115051e+02 
       4.012986375388e-01       9.789381758161e+02 
       4.045282245258e-01       9.702873158726e+02 
       4.077578118322e-01       9.617278356609e+02 
       4.109873994505e-01       9.532938836784e+02 
       4.142169873732e-01       9.450168754097e+02 
       4.174465755933e-01       9.369240232250e+02 
       4.206761641040e-01       9.290332247641e+02 
       4.239057528985e-01       9.213541115303e+02 
       4.271353419704e-01       9.138869883919e+02 
       4.303649313135e-01       9.066252291336e+02 
       4.335945209216e-01       8.995593706323e+02 
       4.368241107888e-01       8.926784647206e+02 
       4.400537009094e-01       8.859690055753e+02 
       4.432832912780e-01       8.794117766604e+02 
       4.465128818889e-01       8.729868587403e+02 
       4.497424727371e-01       8.666718440424e+02 
       4.529720638175e-01       8.604472678208e+02 
       4.562016551250e-01       8.542972480417e+02 
       4.594312466548e-01       8.482107338017e+02 
       4.626608384024e-01       8.421848163582e+02 
       4.658904303632e-01       8.362166116608e+02 
       4.691200225327e-01       8.303115379129e+02 
       4.723496149066e-01       8.244734657656e+02 
       4.755792074808e-01       8.187054228083e+02 
       4.788088002512e-01       8.130147980475e+02 
       4.820383932138e-01       8.074084536538e+02 
       4.852679863648e-01       8.018937125477e+02 
       4.884975797005e-01       7.964775352404e+02 
       4.917271732171e-01       7.911648441561e+02 
       4.949567669112e-01       7.859596282094e+02 
       4.981863607793e-01       7.808592477257e+02 
       5.014159548180e-01       7.758580137826e+02 
       5.046455490240e-01       7.709475272813e+02 
       5.078751433941e-01       7.661205870507e+02 
       5.111047379252e-01       7.613703988252e+02 
       5.143343326143e-01       7.566891272733e+02 
       5.175639274583e-01       7.520730793925e+02 
       5.207935224545e-01       7.475155739241e+02 
       5.240231175999e-01       7.430129210985e+02 
       5.272527128918e-01       7.385609103042e+02 
       5.304823083276e-01       7.341568944887e+02 
       5.337119039046e-01       7.297991820635e+02 
       5.369414996202e-01       7.254897565983e+02 
       5.401710954721e-01       7.212310732359e+02 
       5.434006914576e-01       7.170258495415e+02 
       5.466302875745e-01       7.128764615229e+02 
       5.498598838205e-01       7.087836340419e+02 
       5.530894801932e-01       7.047476942828e+02 
       5.563190766905e-01       7.007672317194e+02 
       5.595486733101e-01       6.968413834721e+02 
       5.627782700501e-01       6.929699625495e+02 
       5.660078669082e-01       6.891517952264e+02 
       5.692374638826e-01       6.853869840221e+02 
       5.724670609711e-01       6.816741057698e+02 
       5.756966581720e-01       6.780099696491e+02 
       5.789262554833e-01       6.743918010014e+02 
       5.821558529031e-01       6.708171101662e+02 
       5.853854504297e-01       6.672830351825e+02 
       5.886150480613e-01       6.637885353305e+02 
       5.918446457962e-01       6.603328086685e+02 
       5.950742436327e-01       6.569153740003e+02 
       5.983038415692e-01       6.535355973956e+02 
       6.015334396039e-01       6.501926213449e+02 
       6.047630377354e-01       6.468850965775e+02 
       6.079926359622e-01       6.436121845854e+02 
       6.112222342826e-01       6.403735509890e+02 
       6.144518326952e-01       6.371696350836e+02 
       6.176814311986e-01       6.340003494757e+02 
       6.209110297913e-01       6.308677478336e+02 
       6.241406284720e-01       6.277715671319e+02 
       6.273702272392e-01       6.247101787463e+02 
       6.305998260918e-01       6.216835021999e+02 
       6.338294250282e-01       6.186903020810e+02 
       6.370590240474e-01       6.157287447085e+02 
       6.402886231479e-01       6.127985616525e+02 
       6.435182223287e-01       6.098997766164e+02 
       6.467478215884e-01       6.070316458827e+02 
       6.499774209259e-01       6.041934786053e+02 
       6.532070203401e-01       6.013845480605e+02 
       6.564366198297e-01       5.986029407718e+02 
       6.596662193938e-01       5.958479610907e+02 
       6.628958190312e-01       5.931188249740e+02 
       6.661254187408e-01       5.904152964380e+02 
       6.693550185216e-01       5.877376640748e+02 
       6.725846183726e-01       5.850858493584e+02 
       6.758142182927e-01       5.824598602536e+02 
       6.790438182810e-01       5.798591584694e+02 
       6.822734183365e-01       5.772825266848e+02 
       6.855030184582e-01       5.747300488207e+02 
       6.887326186453e-01       5.722007179522e+02 
       6.919622188967e-01       5.696948890392e+02 
       6.951918192116e-01       5.672126723590e+02 
       6.984214195892e-01       5.647539723960e+02 
       7.016510200284e-01       5.623185138402e+02 
       7.048806205286e-01       5.599055295651e+02 
       7.081102210888e-01       5.575144108043e+02 
       7.113398217083e-01       5.551442715539e+02 
       7.145694223862e-01       5.527948086032e+02 
       7.177990231218e-01       5.504655870295e+02 
       7.210286239142e-01       5.481569639115e+02 
       7.242582247627e-01       5.458683948007e+02 
       7.274878256666e-01       5.435996956053e+02 
       7.307174266251e-01       5.413503991223e+02 
       7.339470276375e-01       5.391198873291e+02 
       7.371766287031e-01       5.369076487044e+02 
       7.404062298211e-01       5.347133576840e+02 
       7.436358309910e-01       5.325369593684e+02 
       7.468654322120e-01       5.303786138661e+02 
       7.500950334835e-01       5.282383313157e+02 
       7.533246348048e-01       5.261158326795e+02 
       7.565542361753e-01       5.240107493041e+02 
       8.263007815812e-01       4.823015865653e+02 
       9.270043399029e-01       4.321629887611e+02 
       1.086815841735e+00       3.692686206734e+02 
       1.340075489510e+00       2.956501954427e+02 
       1.684674537323e+00       2.256047905048e+02 
       2.120837542370e+00       1.658913455427e+02 
       2.669976132577e+00       1.174646751585e+02 
       3.361300802117e+00       8.028539392714e+01 
       4.231626996469e+00       5.322237009932e+01 
       5.327302759089e+00       3.440314178224e+01 
       6.706676819739e+00       2.179433113379e+01 
       8.443205877060e+00       1.359101294134e+01 
