# dimensionless total [l(l+1)/2pi] C_l's
# for l=2 to 2500, i.e. number of multipoles equal to 2499
#
# -> if you prefer output in CAMB/HealPix/LensPix units/order, set 'format' to 'camb' in input file
# -> if you don't want to see such a header, set 'headers' to 'no' in input file
#
# 1:l     2:TT                 
    2       1.572883751854e-07 
    3       1.396609326274e-07 
    4       1.268230261047e-07 
    5       1.167893408666e-07 
    6       1.086057288881e-07 
    7       1.017357965607e-07 
    8       9.584718330945e-08 
    9       9.072054748542e-08 
   10       8.619895505140e-08 
   11       8.217059747132e-08 
   12       7.855208164830e-08 
   13       7.527725877233e-08 
   14       7.229407431306e-08 
   15       6.956232989498e-08 
   16       6.704869283013e-08 
   17       6.472532186219e-08 
   18       6.256255945770e-08 
   19       6.056545143306e-08 
   20       5.869150460603e-08 
   21       5.694016734939e-08 
   22       5.529254104227e-08 
   23       5.374701716979e-08 
   24       5.228645057303e-08 
   25       5.090937320375e-08 
   26       4.960437380707e-08 
   27       4.836761304434e-08 
   28       4.718856467811e-08 
   29       4.607071802224e-08 
   30       4.501055152865e-08 
   31       4.399501592942e-08 
   32       4.302555733462e-08 
   33       4.210092464405e-08 
   34       4.121380504258e-08 
   35       4.036456213432e-08 
   36       3.955094106118e-08 
   37       3.876702589749e-08 
   38       3.801447830336e-08 
   39       3.729413719931e-08 
   40       3.660247491306e-08 
   41       3.593380072048e-08 
   42       3.528873967662e-08 
   43       3.466780991989e-08 
   44       3.406880539996e-08 
   45       3.348829761508e-08 
   46       3.292723747563e-08 
   47       3.238662302257e-08 
   48       3.186577050737e-08 
   49       3.136217641515e-08 
   50       3.087268773036e-08 
   51       3.039770732498e-08 
   52       2.993789157396e-08 
   53       2.949286728135e-08 
   54       2.906115526784e-08 
   55       2.864091566333e-08 
   56       2.823257565113e-08 
   57       2.783672066935e-08 
   58       2.745328646744e-08 
   59       2.708151470810e-08 
   60       2.671990856936e-08 
   61       2.636683755498e-08 
   62       2.602261100624e-08 
   63       2.568779334522e-08 
   64       2.536257260823e-08 
   65       2.504673664671e-08 
   66       2.473964932811e-08 
   67       2.444022673674e-08 
   68       2.414734879961e-08 
   69       2.386124421500e-08 
   70       2.358234468245e-08 
   71       2.331086187134e-08 
   72       2.304677475789e-08 
   73       2.278981696228e-08 
   74       2.253946408567e-08 
   75       2.229492104730e-08 
   76       2.205539444585e-08 
   77       2.182099497470e-08 
   78       2.159197732500e-08 
   79       2.136846305210e-08 
   80       2.115043375728e-08 
   81       2.093772426944e-08 
   82       2.073001582682e-08 
   83       2.052682925875e-08 
   84       2.032769208932e-08 
   85       2.013268661300e-08 
   86       1.994198059985e-08 
   87       1.975565761413e-08 
   88       1.957371311905e-08 
   89       1.939605058163e-08 
   90       1.922247757736e-08 
   91       1.905270189509e-08 
   92       1.888632764171e-08 
   93       1.872298344992e-08 
   94       1.856273761917e-08 
   95       1.840573850053e-08 
   96       1.825208590315e-08 
   97       1.810182901233e-08 
   98       1.795496430768e-08 
   99       1.781143348121e-08 
  100       1.767112135554e-08 
  101       1.753385380194e-08 
  102       1.739939565854e-08 
  103       1.726744864839e-08 
  104       1.713774060604e-08 
  105       1.701031136827e-08 
  106       1.688526180163e-08 
  107       1.676266487719e-08 
  108       1.664256459213e-08 
  109       1.652497489121e-08 
  110       1.640987858831e-08 
  111       1.629722628795e-08 
  112       1.618693530680e-08 
  113       1.607888859521e-08 
  114       1.597293365873e-08 
  115       1.586888147961e-08 
  116       1.576656169377e-08 
  117       1.566599803788e-08 
  118       1.556725230738e-08 
  119       1.547036943496e-08 
  120       1.537537690949e-08 
  121       1.528228419490e-08 
  122       1.519108214912e-08 
  123       1.510174244300e-08 
  124       1.501421697918e-08 
  125       1.492843731107e-08 
  126       1.484431406174e-08 
  127       1.476173634280e-08 
  128       1.468057117336e-08 
  129       1.460070104398e-08 
  130       1.452214250196e-08 
  131       1.444493953740e-08 
  132       1.436912629920e-08 
  133       1.429472678692e-08 
  134       1.422175454264e-08 
  135       1.415021234282e-08 
  136       1.408009189018e-08 
  137       1.401137350557e-08 
  138       1.394402581981e-08 
  139       1.387800546561e-08 
  140       1.381325676936e-08 
  141       1.374971144308e-08 
  142       1.368728827623e-08 
  143       1.362589282759e-08 
  144       1.356544290130e-08 
  145       1.350594845600e-08 
  146       1.344743902459e-08 
  147       1.338993847893e-08 
  148       1.333346486990e-08 
  149       1.327803026746e-08 
  150       1.322364060067e-08 
  151       1.317029549777e-08 
  152       1.311798812625e-08 
  153       1.306670503285e-08 
  154       1.301642598366e-08 
  155       1.296712380412e-08 
  156       1.291876421914e-08 
  157       1.287130569309e-08 
  158       1.282469926989e-08 
  159       1.277888841304e-08 
  160       1.273380884570e-08 
  161       1.268940524274e-08 
  162       1.264568330175e-08 
  163       1.260266199257e-08 
  164       1.256035703765e-08 
  165       1.251878082965e-08 
  166       1.247794234900e-08 
  167       1.243784708149e-08 
  168       1.239849693588e-08 
  169       1.235989016146e-08 
  170       1.232202126567e-08 
  171       1.228488093162e-08 
  172       1.224845593575e-08 
  173       1.221272906537e-08 
  174       1.217767903628e-08 
  175       1.214328041031e-08 
  176       1.210950351294e-08 
  177       1.207631435089e-08 
  178       1.204367452969e-08 
  179       1.201154117125e-08 
  180       1.197987764658e-08 
  181       1.194868689989e-08 
  182       1.191798062126e-08 
  183       1.188776862727e-08 
  184       1.185805881849e-08 
  185       1.182885713685e-08 
  186       1.180016752307e-08 
  187       1.177199187410e-08 
  188       1.174433000051e-08 
  189       1.171717958395e-08 
  190       1.169053613451e-08 
  191       1.166439294823e-08 
  192       1.163874106442e-08 
  193       1.161356922316e-08 
  194       1.158886382268e-08 
  195       1.156460887678e-08 
  196       1.154078597229e-08 
  197       1.151737422644e-08 
  198       1.149435024429e-08 
  199       1.147168807620e-08 
  200       1.144935917518e-08 
  201       1.142733925260e-08 
  202       1.140562947940e-08 
  203       1.138423671894e-08 
  204       1.136316674282e-08 
  205       1.134242420873e-08 
  206       1.132201263818e-08 
  207       1.130193439439e-08 
  208       1.128219066004e-08 
  209       1.126278141512e-08 
  210       1.124370541469e-08 
  211       1.122496016675e-08 
  212       1.120654191000e-08 
  213       1.118844559166e-08 
  214       1.117066484530e-08 
  215       1.115319196862e-08 
  216       1.113601790126e-08 
  217       1.111913220265e-08 
  218       1.110252302974e-08 
  219       1.108617711490e-08 
  220       1.107007974367e-08 
  221       1.105421473256e-08 
  222       1.103856440691e-08 
  223       1.102310957865e-08 
  224       1.100783400450e-08 
  225       1.099273812495e-08 
  226       1.097782616573e-08 
  227       1.096310172545e-08 
  228       1.094856776404e-08 
  229       1.093422659125e-08 
  230       1.092007985512e-08 
  231       1.090612853043e-08 
  232       1.089237290722e-08 
  233       1.087881257922e-08 
  234       1.086544643237e-08 
  235       1.085227263326e-08 
  236       1.083928861764e-08 
  237       1.082649107884e-08 
  238       1.081387595633e-08 
  239       1.080143842412e-08 
  240       1.078917287927e-08 
  241       1.077707293036e-08 
  242       1.076513138596e-08 
  243       1.075334024314e-08 
  244       1.074169067589e-08 
  245       1.073017302364e-08 
  246       1.071877677971e-08 
  247       1.070749057980e-08 
  248       1.069630219048e-08 
  249       1.068519849762e-08 
  250       1.067416842960e-08 
  251       1.066321193756e-08 
  252       1.065233151114e-08 
  253       1.064152928449e-08 
  254       1.063080703043e-08 
  255       1.062016615447e-08 
  256       1.060960768895e-08 
  257       1.059913228711e-08 
  258       1.058874021717e-08 
  259       1.057843135644e-08 
  260       1.056820518538e-08 
  261       1.055806078171e-08 
  262       1.054799681448e-08 
  263       1.053801153818e-08 
  264       1.052810278680e-08 
  265       1.051826796797e-08 
  266       1.050850405697e-08 
  267       1.049880759089e-08 
  268       1.048917466268e-08 
  269       1.047960091524e-08 
  270       1.047008153552e-08 
  271       1.046061124861e-08 
  272       1.045118431182e-08 
  273       1.044179450876e-08 
  274       1.043243514345e-08 
  275       1.042309903438e-08 
  276       1.041377850863e-08 
  277       1.040446539593e-08 
  278       1.039515102277e-08 
  279       1.038582810667e-08 
  280       1.037649655985e-08 
  281       1.036715797471e-08 
  282       1.035781374778e-08 
  283       1.034846507667e-08 
  284       1.033911295714e-08 
  285       1.032975818007e-08 
  286       1.032040132845e-08 
  287       1.031104277443e-08 
  288       1.030168267632e-08 
  289       1.029232097554e-08 
  290       1.028295739372e-08 
  291       1.027359142962e-08 
  292       1.026422235621e-08 
  293       1.025484921760e-08 
  294       1.024547082613e-08 
  295       1.023608575931e-08 
  296       1.022669235686e-08 
  297       1.021728871771e-08 
  298       1.020787269702e-08 
  299       1.019844190314e-08 
  300       1.018899369469e-08 
  301       1.017952517751e-08 
  302       1.017003320168e-08 
  303       1.016051435854e-08 
  304       1.015096497768e-08 
  305       1.014138112397e-08 
  306       1.013175859455e-08 
  307       1.012209291584e-08 
  308       1.011237934053e-08 
  309       1.010261284462e-08 
  310       1.009278812441e-08 
  311       1.008289959351e-08 
  312       1.007294261157e-08 
  313       1.006291723965e-08 
  314       1.005282465323e-08 
  315       1.004266592477e-08 
  316       1.003244202220e-08 
  317       1.002215380741e-08 
  318       1.001180203485e-08 
  319       1.000138734998e-08 
  320       9.990910287811e-09 
  321       9.980371271435e-09 
  322       9.969770610542e-09 
  323       9.959108499936e-09 
  324       9.948385018059e-09 
  325       9.937600125508e-09 
  326       9.926753663560e-09 
  327       9.915845352691e-09 
  328       9.904874791095e-09 
  329       9.893841453206e-09 
  330       9.882744688218e-09 
  331       9.871583718607e-09 
  332       9.860357638648e-09 
  333       9.849065412941e-09 
  334       9.837705874926e-09 
  335       9.826277725407e-09 
  336       9.814779531072e-09 
  337       9.803209723012e-09 
  338       9.791566595245e-09 
  339       9.779848303231e-09 
  340       9.768052862399e-09 
  341       9.756178146663e-09 
  342       9.744221886943e-09 
  343       9.732181669689e-09 
  344       9.720054935397e-09 
  345       9.707838977133e-09 
  346       9.695530939051e-09 
  347       9.683127814915e-09 
  348       9.670626446621e-09 
  349       9.658024282834e-09 
  350       9.645321692722e-09 
  351       9.632519745432e-09 
  352       9.619619457914e-09 
  353       9.606621794186e-09 
  354       9.593527664604e-09 
  355       9.580337925125e-09 
  356       9.567053376580e-09 
  357       9.553674763936e-09 
  358       9.540202775567e-09 
  359       9.526638042520e-09 
  360       9.512981137782e-09 
  361       9.499232575546e-09 
  362       9.485392810482e-09 
  363       9.471462237001e-09 
  364       9.457441188524e-09 
  365       9.443329936748e-09 
  366       9.429128690915e-09 
  367       9.414837597076e-09 
  368       9.400456737365e-09 
  369       9.385986129258e-09 
  370       9.371425724846e-09 
  371       9.356775410100e-09 
  372       9.342035004138e-09 
  373       9.327204258496e-09 
  374       9.312282856389e-09 
  375       9.297270411984e-09 
  376       9.282166469664e-09 
  377       9.266970503297e-09 
  378       9.251681915503e-09 
  379       9.236300036920e-09 
  380       9.220824125472e-09 
  381       9.205253365638e-09 
  382       9.189586867716e-09 
  383       9.173823667094e-09 
  384       9.157962723515e-09 
  385       9.142002920343e-09 
  386       9.125943063835e-09 
  387       9.109781882404e-09 
  388       9.093518453632e-09 
  389       9.077153504423e-09 
  390       9.060688158044e-09 
  391       9.044123510382e-09 
  392       9.027460629553e-09 
  393       9.010700555507e-09 
  394       8.993844299633e-09 
  395       8.976892844374e-09 
  396       8.959847142827e-09 
  397       8.942708118354e-09 
  398       8.925476664187e-09 
  399       8.908153643039e-09 
  400       8.890739886707e-09 
  401       8.873236195685e-09 
  402       8.855643338765e-09 
  403       8.837962052648e-09 
  404       8.820193041552e-09 
  405       8.802336976817e-09 
  406       8.784394496514e-09 
  407       8.766366205053e-09 
  408       8.748252672787e-09 
  409       8.730054435625e-09 
  410       8.711771994632e-09 
  411       8.693405815645e-09 
  412       8.674956328873e-09 
  413       8.656423928507e-09 
  414       8.637808972330e-09 
  415       8.619111781321e-09 
  416       8.600332639262e-09 
  417       8.581471792348e-09 
  418       8.562529448795e-09 
  419       8.543505778443e-09 
  420       8.524400912366e-09 
  421       8.505214942481e-09 
  422       8.485947921154e-09 
  423       8.466599860805e-09 
  424       8.447170733518e-09 
  425       8.427660470651e-09 
  426       8.408068962436e-09 
  427       8.388396301977e-09 
  428       8.368643527158e-09 
  429       8.348811903202e-09 
  430       8.328902680335e-09 
  431       8.308917093556e-09 
  432       8.288856362404e-09 
  433       8.268721690726e-09 
  434       8.248514266442e-09 
  435       8.228235261319e-09 
  436       8.207885830732e-09 
  437       8.187467113438e-09 
  438       8.166980231338e-09 
  439       8.146426289249e-09 
  440       8.125806374673e-09 
  441       8.105121557558e-09 
  442       8.084372890074e-09 
  443       8.063561406376e-09 
  444       8.042688122372e-09 
  445       8.021754035493e-09 
  446       8.000760124461e-09 
  447       7.979707349052e-09 
  448       7.958596649871e-09 
  449       7.937428948114e-09 
  450       7.916205145340e-09 
  451       7.894926123235e-09 
  452       7.873592743384e-09 
  453       7.852205847035e-09 
  454       7.830766254869e-09 
  455       7.809274766768e-09 
  456       7.787732161582e-09 
  457       7.766139196896e-09 
  458       7.744496608800e-09 
  459       7.722805111656e-09 
  460       7.701065397865e-09 
  461       7.679278137637e-09 
  462       7.657443978754e-09 
  463       7.635563546346e-09 
  464       7.613637442649e-09 
  465       7.591666246782e-09 
  466       7.569650641105e-09 
  467       7.547591795119e-09 
  468       7.525490993091e-09 
  469       7.503349508375e-09 
  470       7.481168603249e-09 
  471       7.458949528756e-09 
  472       7.436693524540e-09 
  473       7.414401818682e-09 
  474       7.392075627539e-09 
  475       7.369716155585e-09 
  476       7.347324595243e-09 
  477       7.324902126725e-09 
  478       7.302449917871e-09 
  479       7.279969123985e-09 
  480       7.257460887672e-09 
  481       7.234926338680e-09 
  482       7.212366593732e-09 
  483       7.189782756366e-09 
  484       7.167175916773e-09 
  485       7.144547151636e-09 
  486       7.121897523965e-09 
  487       7.099228082934e-09 
  488       7.076539863724e-09 
  489       7.053833887355e-09 
  490       7.031111160526e-09 
  491       7.008372675452e-09 
  492       6.985619409702e-09 
  493       6.962852326038e-09 
  494       6.940072372251e-09 
  495       6.917280480997e-09 
  496       6.894477569639e-09 
  497       6.871664540082e-09 
  498       6.848842278611e-09 
  499       6.826011655727e-09 
  500       6.803173525988e-09 
  501       6.780328727844e-09 
  502       6.757478083478e-09 
  503       6.734622398638e-09 
  504       6.711762462480e-09 
  505       6.688899122301e-09 
  506       6.666033510447e-09 
  507       6.643166823621e-09 
  508       6.620300248454e-09 
  509       6.597434961371e-09 
  510       6.574572128470e-09 
  511       6.551712905392e-09 
  512       6.528858437194e-09 
  513       6.506009858222e-09 
  514       6.483168291984e-09 
  515       6.460334851022e-09 
  516       6.437510636786e-09 
  517       6.414696739507e-09 
  518       6.391894238068e-09 
  519       6.369104199879e-09 
  520       6.346327680748e-09 
  521       6.323565724756e-09 
  522       6.300819364128e-09 
  523       6.278089619104e-09 
  524       6.255377497818e-09 
  525       6.232683996165e-09 
  526       6.210010097675e-09 
  527       6.187356773388e-09 
  528       6.164724981725e-09 
  529       6.142115668363e-09 
  530       6.119529766103e-09 
  531       6.096968194748e-09 
  532       6.074431860974e-09 
  533       6.051921658202e-09 
  534       6.029438466470e-09 
  535       6.006983152311e-09 
  536       5.984556568619e-09 
  537       5.962159554527e-09 
  538       5.939792935275e-09 
  539       5.917457522089e-09 
  540       5.895154112049e-09 
  541       5.872883487961e-09 
  542       5.850646418237e-09 
  543       5.828443656759e-09 
  544       5.806275988256e-09 
  545       5.784144366011e-09 
  546       5.762049777586e-09 
  547       5.739993199548e-09 
  548       5.717975597362e-09 
  549       5.695997925282e-09 
  550       5.674061126239e-09 
  551       5.652166131736e-09 
  552       5.630313861738e-09 
  553       5.608505224564e-09 
  554       5.586741116776e-09 
  555       5.565022423071e-09 
  556       5.543350016174e-09 
  557       5.521724756730e-09 
  558       5.500147493189e-09 
  559       5.478619061706e-09 
  560       5.457140286025e-09 
  561       5.435711977375e-09 
  562       5.414334934357e-09 
  563       5.393009942840e-09 
  564       5.371737775849e-09 
  565       5.350519193457e-09 
  566       5.329354942676e-09 
  567       5.308245757350e-09 
  568       5.287192358043e-09 
  569       5.266195451933e-09 
  570       5.245255732702e-09 
  571       5.224373880429e-09 
  572       5.203550561478e-09 
  573       5.182786428392e-09 
  574       5.162082119783e-09 
  575       5.141438260223e-09 
  576       5.120855460139e-09 
  577       5.100334315696e-09 
  578       5.079875408697e-09 
  579       5.059479306469e-09 
  580       5.039146561757e-09 
  581       5.018877712613e-09 
  582       4.998673282289e-09 
  583       4.978533810016e-09 
  584       4.958459944418e-09 
  585       4.938452352216e-09 
  586       4.918511687454e-09 
  587       4.898638591402e-09 
  588       4.878833692456e-09 
  589       4.859097606042e-09 
  590       4.839430934517e-09 
  591       4.819834267071e-09 
  592       4.800308179631e-09 
  593       4.780853234760e-09 
  594       4.761469981561e-09 
  595       4.742158955581e-09 
  596       4.722920678709e-09 
  597       4.703755659081e-09 
  598       4.684664390982e-09 
  599       4.665647354747e-09 
  600       4.646705016663e-09 
  601       4.627837828873e-09 
  602       4.609046229277e-09 
  603       4.590330641432e-09 
  604       4.571691474458e-09 
  605       4.553129122939e-09 
  606       4.534643966823e-09 
  607       4.516236371327e-09 
  608       4.497906686835e-09 
  609       4.479655248805e-09 
  610       4.461482377670e-09 
  611       4.443388378738e-09 
  612       4.425373542093e-09 
  613       4.407438142504e-09 
  614       4.389582439319e-09 
  615       4.371806676371e-09 
  616       4.354111081882e-09 
  617       4.336495868362e-09 
  618       4.318961232509e-09 
  619       4.301507355119e-09 
  620       4.284134400981e-09 
  621       4.266842518781e-09 
  622       4.249631886198e-09 
  623       4.232502846545e-09 
  624       4.215455775133e-09 
  625       4.198491034290e-09 
  626       4.181608973268e-09 
  627       4.164809928169e-09 
  628       4.148094221854e-09 
  629       4.131462163862e-09 
  630       4.114914050326e-09 
  631       4.098450163889e-09 
  632       4.082070773620e-09 
  633       4.065776134930e-09 
  634       4.049566489488e-09 
  635       4.033442065139e-09 
  636       4.017403075816e-09 
  637       4.001449721461e-09 
  638       3.985582187938e-09 
  639       3.969800646949e-09 
  640       3.954105255951e-09 
  641       3.938496158075e-09 
  642       3.922973482036e-09 
  643       3.907537342054e-09 
  644       3.892187837769e-09 
  645       3.876925054154e-09 
  646       3.861749061439e-09 
  647       3.846659915016e-09 
  648       3.831657655365e-09 
  649       3.816742307966e-09 
  650       3.801913883213e-09 
  651       3.787172376335e-09 
  652       3.772517767308e-09 
  653       3.757950020773e-09 
  654       3.743469085953e-09 
  655       3.729074896566e-09 
  656       3.714767370746e-09 
  657       3.700546410953e-09 
  658       3.686411903894e-09 
  659       3.672363720438e-09 
  660       3.658401715531e-09 
  661       3.644525779424e-09 
  662       3.630735992771e-09 
  663       3.617032474786e-09 
  664       3.603415332169e-09 
  665       3.589884659040e-09 
  666       3.576440536868e-09 
  667       3.563083034399e-09 
  668       3.549812207589e-09 
  669       3.536628099531e-09 
  670       3.523530740390e-09 
  671       3.510520147329e-09 
  672       3.497596324440e-09 
  673       3.484759262675e-09 
  674       3.472008939778e-09 
  675       3.459345320211e-09 
  676       3.446768355087e-09 
  677       3.434277982100e-09 
  678       3.421874125454e-09 
  679       3.409556695795e-09 
  680       3.397325590139e-09 
  681       3.385180691805e-09 
  682       3.373121870342e-09 
  683       3.361148981462e-09 
  684       3.349261866969e-09 
  685       3.337460354688e-09 
  686       3.325744258397e-09 
  687       3.314113377758e-09 
  688       3.302567498243e-09 
  689       3.291106391070e-09 
  690       3.279729813128e-09 
  691       3.268437506911e-09 
  692       3.257229200445e-09 
  693       3.246104607221e-09 
  694       3.235063426123e-09 
  695       3.224105341362e-09 
  696       3.213230022399e-09 
  697       3.202437123882e-09 
  698       3.191726285576e-09 
  699       3.181097132286e-09 
  700       3.170549328626e-09 
  701       3.160082744682e-09 
  702       3.149697293659e-09 
  703       3.139392877305e-09 
  704       3.129169385856e-09 
  705       3.119026697982e-09 
  706       3.108964680724e-09 
  707       3.098983189445e-09 
  708       3.089082067769e-09 
  709       3.079261147525e-09 
  710       3.069520248695e-09 
  711       3.059859179350e-09 
  712       3.050277735600e-09 
  713       3.040775701535e-09 
  714       3.031352849169e-09 
  715       3.022008938384e-09 
  716       3.012743716873e-09 
  717       3.003556920083e-09 
  718       2.994448271160e-09 
  719       2.985417480892e-09 
  720       2.976464247654e-09 
  721       2.967588257347e-09 
  722       2.958789183348e-09 
  723       2.950066686450e-09 
  724       2.941420414804e-09 
  725       2.932850003867e-09 
  726       2.924355076342e-09 
  727       2.915935242123e-09 
  728       2.907590098239e-09 
  729       2.899319228797e-09 
  730       2.891122204925e-09 
  731       2.882998584719e-09 
  732       2.874947913179e-09 
  733       2.866969722163e-09 
  734       2.859063530321e-09 
  735       2.851228843046e-09 
  736       2.843465152411e-09 
  737       2.835771937118e-09 
  738       2.828148662441e-09 
  739       2.820594847796e-09 
  740       2.813110271048e-09 
  741       2.805694768125e-09 
  742       2.798348165716e-09 
  743       2.791070281227e-09 
  744       2.783860922737e-09 
  745       2.776719888963e-09 
  746       2.769646969210e-09 
  747       2.762641943338e-09 
  748       2.755704581713e-09 
  749       2.748834645170e-09 
  750       2.742031884972e-09 
  751       2.735296042763e-09 
  752       2.728626850533e-09 
  753       2.722024030573e-09 
  754       2.715487295433e-09 
  755       2.709016347883e-09 
  756       2.702610880868e-09 
  757       2.696270577471e-09 
  758       2.689995110866e-09 
  759       2.683784144280e-09 
  760       2.677637330953e-09 
  761       2.671554314091e-09 
  762       2.665534726829e-09 
  763       2.659578192189e-09 
  764       2.653684323036e-09 
  765       2.647852722038e-09 
  766       2.642082981625e-09 
  767       2.636374683947e-09 
  768       2.630727400833e-09 
  769       2.625140693746e-09 
  770       2.619614113747e-09 
  771       2.614147201450e-09 
  772       2.608739486980e-09 
  773       2.603390489934e-09 
  774       2.598099719337e-09 
  775       2.592866673601e-09 
  776       2.587690840485e-09 
  777       2.582571697053e-09 
  778       2.577508768540e-09 
  779       2.572501806257e-09 
  780       2.567550612942e-09 
  781       2.562654984120e-09 
  782       2.557814708078e-09 
  783       2.553029565831e-09 
  784       2.548299331093e-09 
  785       2.543623770248e-09 
  786       2.539002642319e-09 
  787       2.534435698941e-09 
  788       2.529922684325e-09 
  789       2.525463335234e-09 
  790       2.521057380953e-09 
  791       2.516704543254e-09 
  792       2.512404536370e-09 
  793       2.508157066966e-09 
  794       2.503961834107e-09 
  795       2.499818529227e-09 
  796       2.495726836101e-09 
  797       2.491686430818e-09 
  798       2.487696981745e-09 
  799       2.483758149499e-09 
  800       2.479869586923e-09 
  801       2.476030939046e-09 
  802       2.472241843061e-09 
  803       2.468501928293e-09 
  804       2.464810816168e-09 
  805       2.461168120183e-09 
  806       2.457573445878e-09 
  807       2.454026390805e-09 
  808       2.450526544497e-09 
  809       2.447073488441e-09 
  810       2.443666796043e-09 
  811       2.440306032606e-09 
  812       2.436990755293e-09 
  813       2.433720513098e-09 
  814       2.430494846822e-09 
  815       2.427313289036e-09 
  816       2.424175364053e-09 
  817       2.421080639900e-09 
  818       2.418028885288e-09 
  819       2.415019915384e-09 
  820       2.412053540046e-09 
  821       2.409129563804e-09 
  822       2.406247785836e-09 
  823       2.403407999952e-09 
  824       2.400609994571e-09 
  825       2.397853552700e-09 
  826       2.395138451914e-09 
  827       2.392464464335e-09 
  828       2.389831356614e-09 
  829       2.387238889907e-09 
  830       2.384686819855e-09 
  831       2.382174896568e-09 
  832       2.379702864596e-09 
  833       2.377270462918e-09 
  834       2.374877424912e-09 
  835       2.372523478344e-09 
  836       2.370208345338e-09 
  837       2.367931742364e-09 
  838       2.365693380210e-09 
  839       2.363492963969e-09 
  840       2.361330193010e-09 
  841       2.359204760966e-09 
  842       2.357116355706e-09 
  843       2.355064659319e-09 
  844       2.353049348094e-09 
  845       2.351070092494e-09 
  846       2.349126557143e-09 
  847       2.347218400798e-09 
  848       2.345345276335e-09 
  849       2.343506830723e-09 
  850       2.341702705009e-09 
  851       2.339932534291e-09 
  852       2.338195947702e-09 
  853       2.336492568390e-09 
  854       2.334822013493e-09 
  855       2.333183894123e-09 
  856       2.331577859278e-09 
  857       2.330003728444e-09 
  858       2.328461361215e-09 
  859       2.326950613546e-09 
  860       2.325471337746e-09 
  861       2.324023382459e-09 
  862       2.322606592652e-09 
  863       2.321220809603e-09 
  864       2.319865870886e-09 
  865       2.318541610359e-09 
  866       2.317247858152e-09 
  867       2.315984440647e-09 
  868       2.314751180475e-09 
  869       2.313547896492e-09 
  870       2.312374403774e-09 
  871       2.311230513599e-09 
  872       2.310116033434e-09 
  873       2.309030766926e-09 
  874       2.307974513880e-09 
  875       2.306947070256e-09 
  876       2.305948228146e-09 
  877       2.304977775769e-09 
  878       2.304035497450e-09 
  879       2.303121173614e-09 
  880       2.302234580766e-09 
  881       2.301375491482e-09 
  882       2.300543674395e-09 
  883       2.299738894179e-09 
  884       2.298960911539e-09 
  885       2.298209483197e-09 
  886       2.297484361875e-09 
  887       2.296785296287e-09 
  888       2.296112031121e-09 
  889       2.295464307031e-09 
  890       2.294841860616e-09 
  891       2.294244424415e-09 
  892       2.293671726887e-09 
  893       2.293123492402e-09 
  894       2.292599441225e-09 
  895       2.292099313240e-09 
  896       2.291622939577e-09 
  897       2.291170172127e-09 
  898       2.290740859901e-09 
  899       2.290334849022e-09 
  900       2.289951982712e-09 
  901       2.289592101286e-09 
  902       2.289255042139e-09 
  903       2.288940639737e-09 
  904       2.288648725610e-09 
  905       2.288379128337e-09 
  906       2.288131673541e-09 
  907       2.287906183877e-09 
  908       2.287702479020e-09 
  909       2.287520375662e-09 
  910       2.287359687494e-09 
  911       2.287220225201e-09 
  912       2.287101796452e-09 
  913       2.287004205888e-09 
  914       2.286927255116e-09 
  915       2.286870742693e-09 
  916       2.286834464123e-09 
  917       2.286818211842e-09 
  918       2.286821775213e-09 
  919       2.286844940510e-09 
  920       2.286887490914e-09 
  921       2.286949206501e-09 
  922       2.287029864231e-09 
  923       2.287129237939e-09 
  924       2.287247098326e-09 
  925       2.287383212949e-09 
  926       2.287537346210e-09 
  927       2.287709259348e-09 
  928       2.287898710426e-09 
  929       2.288105454326e-09 
  930       2.288329242736e-09 
  931       2.288569824139e-09 
  932       2.288826943807e-09 
  933       2.289100343787e-09 
  934       2.289389786068e-09 
  935       2.289695122485e-09 
  936       2.290016225886e-09 
  937       2.290352967052e-09 
  938       2.290705214692e-09 
  939       2.291072835433e-09 
  940       2.291455693816e-09 
  941       2.291853652291e-09 
  942       2.292266571205e-09 
  943       2.292694308799e-09 
  944       2.293136721203e-09 
  945       2.293593662424e-09 
  946       2.294064984346e-09 
  947       2.294550536718e-09 
  948       2.295050167148e-09 
  949       2.295563721101e-09 
  950       2.296091041886e-09 
  951       2.296631970654e-09 
  952       2.297186346391e-09 
  953       2.297754005908e-09 
  954       2.298334783837e-09 
  955       2.298928512624e-09 
  956       2.299535022524e-09 
  957       2.300154141590e-09 
  958       2.300785695671e-09 
  959       2.301429508403e-09 
  960       2.302085401202e-09 
  961       2.302753193259e-09 
  962       2.303432701533e-09 
  963       2.304123740742e-09 
  964       2.304826123361e-09 
  965       2.305539659610e-09 
  966       2.306264157451e-09 
  967       2.306999422583e-09 
  968       2.307745258428e-09 
  969       2.308501466133e-09 
  970       2.309267844557e-09 
  971       2.310044190269e-09 
  972       2.310830297539e-09 
  973       2.311625966481e-09 
  974       2.312431027640e-09 
  975       2.313245317762e-09 
  976       2.314068671671e-09 
  977       2.314900922264e-09 
  978       2.315741900507e-09 
  979       2.316591435424e-09 
  980       2.317449354097e-09 
  981       2.318315481660e-09 
  982       2.319189641288e-09 
  983       2.320071654198e-09 
  984       2.320961339641e-09 
  985       2.321858514893e-09 
  986       2.322762995255e-09 
  987       2.323674594044e-09 
  988       2.324593122588e-09 
  989       2.325518390221e-09 
  990       2.326450204277e-09 
  991       2.327388370084e-09 
  992       2.328332690960e-09 
  993       2.329282968204e-09 
  994       2.330239001095e-09 
  995       2.331200586883e-09 
  996       2.332167520784e-09 
  997       2.333139595976e-09 
  998       2.334116603591e-09 
  999       2.335098332711e-09 
 1000       2.336084570363e-09 
 1001       2.337075101512e-09 
 1002       2.338069709056e-09 
 1003       2.339068173819e-09 
 1004       2.340070274548e-09 
 1005       2.341075787906e-09 
 1006       2.342084488467e-09 
 1007       2.343096148707e-09 
 1008       2.344110539006e-09 
 1009       2.345127427635e-09 
 1010       2.346146580752e-09 
 1011       2.347167762399e-09 
 1012       2.348190745146e-09 
 1013       2.349215342200e-09 
 1014       2.350241375751e-09 
 1015       2.351268666352e-09 
 1016       2.352297032921e-09 
 1017       2.353326292734e-09 
 1018       2.354356261422e-09 
 1019       2.355386752962e-09 
 1020       2.356417579682e-09 
 1021       2.357448552245e-09 
 1022       2.358479479654e-09 
 1023       2.359510169245e-09 
 1024       2.360540426679e-09 
 1025       2.361570055943e-09 
 1026       2.362598859341e-09 
 1027       2.363626637495e-09 
 1028       2.364653189334e-09 
 1029       2.365678312095e-09 
 1030       2.366701801318e-09 
 1031       2.367723450837e-09 
 1032       2.368743052782e-09 
 1033       2.369760397572e-09 
 1034       2.370775273907e-09 
 1035       2.371787468771e-09 
 1036       2.372796767423e-09 
 1037       2.373802953390e-09 
 1038       2.374805808470e-09 
 1039       2.375805112722e-09 
 1040       2.376800644464e-09 
 1041       2.377792180267e-09 
 1042       2.378779494951e-09 
 1043       2.379762361585e-09 
 1044       2.380740551474e-09 
 1045       2.381713834162e-09 
 1046       2.382681977427e-09 
 1047       2.383644747271e-09 
 1048       2.384601907923e-09 
 1049       2.385553221829e-09 
 1050       2.386498449651e-09 
 1051       2.387437360522e-09 
 1052       2.388369762981e-09 
 1053       2.389295474460e-09 
 1054       2.390214311060e-09 
 1055       2.391126087544e-09 
 1056       2.392030617337e-09 
 1057       2.392927712524e-09 
 1058       2.393817183841e-09 
 1059       2.394698840679e-09 
 1060       2.395572491075e-09 
 1061       2.396437941711e-09 
 1062       2.397294997913e-09 
 1063       2.398143463642e-09 
 1064       2.398983141499e-09 
 1065       2.399813832711e-09 
 1066       2.400635337139e-09 
 1067       2.401447453268e-09 
 1068       2.402249978204e-09 
 1069       2.403042707674e-09 
 1070       2.403825436020e-09 
 1071       2.404597956196e-09 
 1072       2.405360059766e-09 
 1073       2.406111536901e-09 
 1074       2.406852176374e-09 
 1075       2.407581765558e-09 
 1076       2.408300090423e-09 
 1077       2.409006935530e-09 
 1078       2.409702084033e-09 
 1079       2.410385317672e-09 
 1080       2.411056416768e-09 
 1081       2.411715160226e-09 
 1082       2.412361325525e-09 
 1083       2.412994688720e-09 
 1084       2.413615024436e-09 
 1085       2.414222105864e-09 
 1086       2.414815704762e-09 
 1087       2.415395591445e-09 
 1088       2.415961534790e-09 
 1089       2.416513302225e-09 
 1090       2.417050669634e-09 
 1091       2.417573451210e-09 
 1092       2.418081469993e-09 
 1093       2.418574548003e-09 
 1094       2.419052506238e-09 
 1095       2.419515164667e-09 
 1096       2.419962342236e-09 
 1097       2.420393856857e-09 
 1098       2.420809525412e-09 
 1099       2.421209163748e-09 
 1100       2.421592586675e-09 
 1101       2.421959607965e-09 
 1102       2.422310040348e-09 
 1103       2.422643695512e-09 
 1104       2.422960384097e-09 
 1105       2.423259915698e-09 
 1106       2.423542098859e-09 
 1107       2.423806741070e-09 
 1108       2.424053648768e-09 
 1109       2.424282627334e-09 
 1110       2.424493481089e-09 
 1111       2.424686013292e-09 
 1112       2.424860026140e-09 
 1113       2.425015320764e-09 
 1114       2.425151697227e-09 
 1115       2.425268954521e-09 
 1116       2.425366890566e-09 
 1117       2.425445302209e-09 
 1118       2.425503985217e-09 
 1119       2.425542734281e-09 
 1120       2.425561343008e-09 
 1121       2.425559603924e-09 
 1122       2.425537308468e-09 
 1123       2.425494246990e-09 
 1124       2.425430208751e-09 
 1125       2.425344981918e-09 
 1126       2.425238353567e-09 
 1127       2.425110109671e-09 
 1128       2.424960035110e-09 
 1129       2.424787932382e-09 
 1130       2.424593678044e-09 
 1131       2.424377167001e-09 
 1132       2.424138293848e-09 
 1133       2.423876952872e-09 
 1134       2.423593038047e-09 
 1135       2.423286443036e-09 
 1136       2.422957061192e-09 
 1137       2.422604785555e-09 
 1138       2.422229508853e-09 
 1139       2.421831123500e-09 
 1140       2.421409521598e-09 
 1141       2.420964594934e-09 
 1142       2.420496234981e-09 
 1143       2.420004332898e-09 
 1144       2.419488779527e-09 
 1145       2.418949465395e-09 
 1146       2.418386280713e-09 
 1147       2.417799115374e-09 
 1148       2.417187858957e-09 
 1149       2.416552400719e-09 
 1150       2.415892629602e-09 
 1151       2.415208434227e-09 
 1152       2.414499702899e-09 
 1153       2.413766323600e-09 
 1154       2.413008183995e-09 
 1155       2.412225171425e-09 
 1156       2.411417172913e-09 
 1157       2.410584075159e-09 
 1158       2.409725764541e-09 
 1159       2.408842127117e-09 
 1160       2.407933048617e-09 
 1161       2.406998414454e-09 
 1162       2.406038109711e-09 
 1163       2.405052019151e-09 
 1164       2.404040027210e-09 
 1165       2.403002018000e-09 
 1166       2.401937875306e-09 
 1167       2.400847482588e-09 
 1168       2.399730733727e-09 
 1169       2.398587565418e-09 
 1170       2.397417925184e-09 
 1171       2.396221760659e-09 
 1172       2.394999019598e-09 
 1173       2.393749649867e-09 
 1174       2.392473599451e-09 
 1175       2.391170816450e-09 
 1176       2.389841249083e-09 
 1177       2.388484845686e-09 
 1178       2.387101554713e-09 
 1179       2.385691324736e-09 
 1180       2.384254104449e-09 
 1181       2.382789842662e-09 
 1182       2.381298488307e-09 
 1183       2.379779990437e-09 
 1184       2.378234298224e-09 
 1185       2.376661360964e-09 
 1186       2.375061128073e-09 
 1187       2.373433549090e-09 
 1188       2.371778573678e-09 
 1189       2.370096151623e-09 
 1190       2.368386232833e-09 
 1191       2.366648767342e-09 
 1192       2.364883705309e-09 
 1193       2.363090997017e-09 
 1194       2.361270592877e-09 
 1195       2.359422443423e-09 
 1196       2.357546499318e-09 
 1197       2.355642711352e-09 
 1198       2.353711030442e-09 
 1199       2.351751407633e-09 
 1200       2.349763794098e-09 
 1201       2.347748141142e-09 
 1202       2.345704400195e-09 
 1203       2.343632522821e-09 
 1204       2.341532460711e-09 
 1205       2.339404165691e-09 
 1206       2.337247589715e-09 
 1207       2.335062701707e-09 
 1208       2.332849538302e-09 
 1209       2.330608153719e-09 
 1210       2.328338602981e-09 
 1211       2.326040941919e-09 
 1212       2.323715227173e-09 
 1213       2.321361516192e-09 
 1214       2.318979867237e-09 
 1215       2.316570339385e-09 
 1216       2.314132992527e-09 
 1217       2.311667887373e-09 
 1218       2.309175085453e-09 
 1219       2.306654649117e-09 
 1220       2.304106641540e-09 
 1221       2.301531126722e-09 
 1222       2.298928169488e-09 
 1223       2.296297835495e-09 
 1224       2.293640191229e-09 
 1225       2.290955304009e-09 
 1226       2.288243241989e-09 
 1227       2.285504074159e-09 
 1228       2.282737870347e-09 
 1229       2.279944701222e-09 
 1230       2.277124638294e-09 
 1231       2.274277753917e-09 
 1232       2.271404121291e-09 
 1233       2.268503814464e-09 
 1234       2.265576908331e-09 
 1235       2.262623478642e-09 
 1236       2.259643601997e-09 
 1237       2.256637355853e-09 
 1238       2.253604818521e-09 
 1239       2.250546069175e-09 
 1240       2.247461187845e-09 
 1241       2.244350255427e-09 
 1242       2.241213353678e-09 
 1243       2.238050565224e-09 
 1244       2.234861973558e-09 
 1245       2.231647663041e-09 
 1246       2.228407722314e-09 
 1247       2.225142254552e-09 
 1248       2.221851367332e-09 
 1249       2.218535169242e-09 
 1250       2.215193769877e-09 
 1251       2.211827279848e-09 
 1252       2.208435810779e-09 
 1253       2.205019475313e-09 
 1254       2.201578387112e-09 
 1255       2.198112660858e-09 
 1256       2.194622412258e-09 
 1257       2.191107758045e-09 
 1258       2.187568815980e-09 
 1259       2.184005704851e-09 
 1260       2.180418544482e-09 
 1261       2.176807455729e-09 
 1262       2.173172560485e-09 
 1263       2.169513981682e-09 
 1264       2.165831843291e-09 
 1265       2.162126270327e-09 
 1266       2.158397388849e-09 
 1267       2.154645325963e-09 
 1268       2.150870209825e-09 
 1269       2.147072169641e-09 
 1270       2.143251335672e-09 
 1271       2.139407839231e-09 
 1272       2.135541812693e-09 
 1273       2.131653389488e-09 
 1274       2.127742704112e-09 
 1275       2.123809892122e-09 
 1276       2.119855090142e-09 
 1277       2.115878435864e-09 
 1278       2.111880068050e-09 
 1279       2.107860126536e-09 
 1280       2.103818752229e-09 
 1281       2.099756087117e-09 
 1282       2.095672274262e-09 
 1283       2.091567457812e-09 
 1284       2.087441782993e-09 
 1285       2.083295403900e-09 
 1286       2.079128506938e-09 
 1287       2.074941287650e-09 
 1288       2.070733942959e-09 
 1289       2.066506671177e-09 
 1290       2.062259672003e-09 
 1291       2.057993146525e-09 
 1292       2.053707297228e-09 
 1293       2.049402327992e-09 
 1294       2.045078444094e-09 
 1295       2.040735852215e-09 
 1296       2.036374760441e-09 
 1297       2.031995378262e-09 
 1298       2.027597916580e-09 
 1299       2.023182587709e-09 
 1300       2.018749605378e-09 
 1301       2.014299184735e-09 
 1302       2.009831542345e-09 
 1303       2.005346896200e-09 
 1304       2.000845465716e-09 
 1305       1.996327471737e-09 
 1306       1.991793136540e-09 
 1307       1.987242683835e-09 
 1308       1.982676338767e-09 
 1309       1.978094327924e-09 
 1310       1.973496879331e-09 
 1311       1.968884222462e-09 
 1312       1.964256588237e-09 
 1313       1.959614209024e-09 
 1314       1.954957318646e-09 
 1315       1.950286152381e-09 
 1316       1.945600946965e-09 
 1317       1.940901940594e-09 
 1318       1.936189372927e-09 
 1319       1.931463485091e-09 
 1320       1.926724519681e-09 
 1321       1.921972720763e-09 
 1322       1.917208333877e-09 
 1323       1.912431606040e-09 
 1324       1.907642777463e-09 
 1325       1.902842056587e-09 
 1326       1.898029644779e-09 
 1327       1.893205744590e-09 
 1328       1.888370559759e-09 
 1329       1.883524295217e-09 
 1330       1.878667157088e-09 
 1331       1.873799352689e-09 
 1332       1.868921090535e-09 
 1333       1.864032580340e-09 
 1334       1.859134033020e-09 
 1335       1.854225660693e-09 
 1336       1.849307676683e-09 
 1337       1.844380295521e-09 
 1338       1.839443732949e-09 
 1339       1.834498205918e-09 
 1340       1.829543932596e-09 
 1341       1.824581132365e-09 
 1342       1.819610025827e-09 
 1343       1.814630834802e-09 
 1344       1.809643782333e-09 
 1345       1.804649092689e-09 
 1346       1.799646991363e-09 
 1347       1.794637705079e-09 
 1348       1.789621461791e-09 
 1349       1.784598490685e-09 
 1350       1.779569022184e-09 
 1351       1.774533287946e-09 
 1352       1.769491520870e-09 
 1353       1.764443955096e-09 
 1354       1.759390826006e-09 
 1355       1.754332370231e-09 
 1356       1.749268825646e-09 
 1357       1.744200431377e-09 
 1358       1.739127427805e-09 
 1359       1.734050056560e-09 
 1360       1.728968560533e-09 
 1361       1.723883183869e-09 
 1362       1.718794171978e-09 
 1363       1.713701764612e-09 
 1364       1.708606175041e-09 
 1365       1.703507610662e-09 
 1366       1.698406279894e-09 
 1367       1.693302392187e-09 
 1368       1.688196158014e-09 
 1369       1.683087788881e-09 
 1370       1.677977497325e-09 
 1371       1.672865496916e-09 
 1372       1.667752002257e-09 
 1373       1.662637228989e-09 
 1374       1.657521393792e-09 
 1375       1.652404714384e-09 
 1376       1.647287409524e-09 
 1377       1.642169699017e-09 
 1378       1.637051803710e-09 
 1379       1.631933945498e-09 
 1380       1.626816347323e-09 
 1381       1.621699233177e-09 
 1382       1.616582828104e-09 
 1383       1.611467358202e-09 
 1384       1.606353050621e-09 
 1385       1.601240133570e-09 
 1386       1.596128836316e-09 
 1387       1.591019389184e-09 
 1388       1.585912023562e-09 
 1389       1.580806971901e-09 
 1390       1.575704467716e-09 
 1391       1.570604745590e-09 
 1392       1.565508041173e-09 
 1393       1.560414591184e-09 
 1394       1.555324633417e-09 
 1395       1.550238406735e-09 
 1396       1.545156151078e-09 
 1397       1.540078107462e-09 
 1398       1.535004517982e-09 
 1399       1.529935625813e-09 
 1400       1.524871675209e-09 
 1401       1.519812911510e-09 
 1402       1.514759567607e-09 
 1403       1.509711823189e-09 
 1404       1.504669845079e-09 
 1405       1.499633800720e-09 
 1406       1.494603858185e-09 
 1407       1.489580186174e-09 
 1408       1.484562954013e-09 
 1409       1.479552331659e-09 
 1410       1.474548489696e-09 
 1411       1.469551599340e-09 
 1412       1.464561832440e-09 
 1413       1.459579361474e-09 
 1414       1.454604359555e-09 
 1415       1.449637000429e-09 
 1416       1.444677458477e-09 
 1417       1.439725908717e-09 
 1418       1.434782526800e-09 
 1419       1.429847489017e-09 
 1420       1.424920972298e-09 
 1421       1.420003154207e-09 
 1422       1.415094212954e-09 
 1423       1.410194327386e-09 
 1424       1.405303676991e-09 
 1425       1.400422441902e-09 
 1426       1.395550802892e-09 
 1427       1.390688941382e-09 
 1428       1.385837039433e-09 
 1429       1.380995279756e-09 
 1430       1.376163845707e-09 
 1431       1.371342921287e-09 
 1432       1.366532691150e-09 
 1433       1.361733340594e-09 
 1434       1.356945055572e-09 
 1435       1.352168022683e-09 
 1436       1.347402429182e-09 
 1437       1.342648462972e-09 
 1438       1.337906312613e-09 
 1439       1.333176167317e-09 
 1440       1.328458216953e-09 
 1441       1.323752639799e-09 
 1442       1.319059565677e-09 
 1443       1.314379112447e-09 
 1444       1.309711398220e-09 
 1445       1.305056541356e-09 
 1446       1.300414660464e-09 
 1447       1.295785874403e-09 
 1448       1.291170302283e-09 
 1449       1.286568063465e-09 
 1450       1.281979277558e-09 
 1451       1.277404064422e-09 
 1452       1.272842544170e-09 
 1453       1.268294837163e-09 
 1454       1.263761064015e-09 
 1455       1.259241345589e-09 
 1456       1.254735803000e-09 
 1457       1.250244557615e-09 
 1458       1.245767731053e-09 
 1459       1.241305445182e-09 
 1460       1.236857822124e-09 
 1461       1.232424984253e-09 
 1462       1.228007054194e-09 
 1463       1.223604154823e-09 
 1464       1.219216409271e-09 
 1465       1.214843940921e-09 
 1466       1.210486873406e-09 
 1467       1.206145330614e-09 
 1468       1.201819436685e-09 
 1469       1.197509316014e-09 
 1470       1.193215093245e-09 
 1471       1.188936893279e-09 
 1472       1.184674841269e-09 
 1473       1.180429062621e-09 
 1474       1.176199682996e-09 
 1475       1.171986828308e-09 
 1476       1.167790624725e-09 
 1477       1.163611198668e-09 
 1478       1.159448676816e-09 
 1479       1.155303186097e-09 
 1480       1.151174842968e-09 
 1481       1.147063721100e-09 
 1482       1.142969883372e-09 
 1483       1.138893392568e-09 
 1484       1.134834311377e-09 
 1485       1.130792702395e-09 
 1486       1.126768628120e-09 
 1487       1.122762150956e-09 
 1488       1.118773333212e-09 
 1489       1.114802237098e-09 
 1490       1.110848924728e-09 
 1491       1.106913458120e-09 
 1492       1.102995899191e-09 
 1493       1.099096309762e-09 
 1494       1.095214751554e-09 
 1495       1.091351286189e-09 
 1496       1.087505975190e-09 
 1497       1.083678879979e-09 
 1498       1.079870061877e-09 
 1499       1.076079582104e-09 
 1500       1.072307501780e-09 
 1501       1.068553881922e-09 
 1502       1.064818783443e-09 
 1503       1.061102267155e-09 
 1504       1.057404393768e-09 
 1505       1.053725223884e-09 
 1506       1.050064818005e-09 
 1507       1.046423236525e-09 
 1508       1.042800539735e-09 
 1509       1.039196787821e-09 
 1510       1.035612040860e-09 
 1511       1.032046358825e-09 
 1512       1.028499801582e-09 
 1513       1.024972428888e-09 
 1514       1.021464300394e-09 
 1515       1.017975475641e-09 
 1516       1.014506014062e-09 
 1517       1.011055974983e-09 
 1518       1.007625417616e-09 
 1519       1.004214391319e-09 
 1520       1.000822906243e-09 
 1521       9.974509623987e-10 
 1522       9.940985593767e-10 
 1523       9.907656963461e-10 
 1524       9.874523720541e-10 
 1525       9.841585848246e-10 
 1526       9.808843325580e-10 
 1527       9.776296127294e-10 
 1528       9.743944223881e-10 
 1529       9.711787581566e-10 
 1530       9.679826162296e-10 
 1531       9.648059923729e-10 
 1532       9.616488819229e-10 
 1533       9.585112797850e-10 
 1534       9.553931804330e-10 
 1535       9.522945779085e-10 
 1536       9.492154658190e-10 
 1537       9.461558373379e-10 
 1538       9.431156852031e-10 
 1539       9.400950017161e-10 
 1540       9.370937787407e-10 
 1541       9.341120077030e-10 
 1542       9.311496795892e-10 
 1543       9.282067849458e-10 
 1544       9.252833138778e-10 
 1545       9.223792560481e-10 
 1546       9.194946006766e-10 
 1547       9.166293365391e-10 
 1548       9.137834519664e-10 
 1549       9.109569348434e-10 
 1550       9.081497726079e-10 
 1551       9.053619522501e-10 
 1552       9.025934603111e-10 
 1553       8.998442828823e-10 
 1554       8.971144056046e-10 
 1555       8.944038136668e-10 
 1556       8.917124918054e-10 
 1557       8.890404243031e-10 
 1558       8.863875928826e-10 
 1559       8.837539703673e-10 
 1560       8.811395269593e-10 
 1561       8.785442323382e-10 
 1562       8.759680556600e-10 
 1563       8.734109655562e-10 
 1564       8.708729301328e-10 
 1565       8.683539169688e-10 
 1566       8.658538931158e-10 
 1567       8.633728250964e-10 
 1568       8.609106789034e-10 
 1569       8.584674199988e-10 
 1570       8.560430133123e-10 
 1571       8.536374232409e-10 
 1572       8.512506136473e-10 
 1573       8.488825478591e-10 
 1574       8.465331886677e-10 
 1575       8.442024983272e-10 
 1576       8.418904385534e-10 
 1577       8.395969705226e-10 
 1578       8.373220548708e-10 
 1579       8.350656516922e-10 
 1580       8.328277205389e-10 
 1581       8.306082204189e-10 
 1582       8.284071097957e-10 
 1583       8.262243465870e-10 
 1584       8.240598881639e-10 
 1585       8.219136913492e-10 
 1586       8.197857124171e-10 
 1587       8.176759070917e-10 
 1588       8.155842305461e-10 
 1589       8.135106374012e-10 
 1590       8.114550817247e-10 
 1591       8.094175170303e-10 
 1592       8.073978962761e-10 
 1593       8.053961718640e-10 
 1594       8.034122956385e-10 
 1595       8.014462188856e-10 
 1596       7.994978923317e-10 
 1597       7.975672645989e-10 
 1598       7.956542775560e-10 
 1599       7.937588709227e-10 
 1600       7.918809838086e-10 
 1601       7.900205547116e-10 
 1602       7.881775215173e-10 
 1603       7.863518214974e-10 
 1604       7.845433913089e-10 
 1605       7.827521669930e-10 
 1606       7.809780839736e-10 
 1607       7.792210770565e-10 
 1608       7.774810804281e-10 
 1609       7.757580276545e-10 
 1610       7.740518516801e-10 
 1611       7.723624848264e-10 
 1612       7.706898587913e-10 
 1613       7.690339046475e-10 
 1614       7.673945528417e-10 
 1615       7.657717331934e-10 
 1616       7.641653748934e-10 
 1617       7.625754065033e-10 
 1618       7.610017559539e-10 
 1619       7.594443505442e-10 
 1620       7.579031169403e-10 
 1621       7.563779811743e-10 
 1622       7.548688686429e-10 
 1623       7.533757041067e-10 
 1624       7.518984116889e-10 
 1625       7.504369148738e-10 
 1626       7.489911365062e-10 
 1627       7.475609987901e-10 
 1628       7.461464232875e-10 
 1629       7.447473309171e-10 
 1630       7.433636419534e-10 
 1631       7.419952760258e-10 
 1632       7.406421521169e-10 
 1633       7.393041885617e-10 
 1634       7.379813030465e-10 
 1635       7.366734126077e-10 
 1636       7.353804366064e-10 
 1637       7.341023056849e-10 
 1638       7.328389528877e-10 
 1639       7.315903106928e-10 
 1640       7.303563110101e-10 
 1641       7.291368851805e-10 
 1642       7.279319639751e-10 
 1643       7.267414775939e-10 
 1644       7.255653556652e-10 
 1645       7.244035272442e-10 
 1646       7.232559208121e-10 
 1647       7.221224642754e-10 
 1648       7.210030849644e-10 
 1649       7.198977096329e-10 
 1650       7.188062644562e-10 
 1651       7.177286750312e-10 
 1652       7.166648663745e-10 
 1653       7.156147629220e-10 
 1654       7.145782885275e-10 
 1655       7.135553664622e-10 
 1656       7.125459194130e-10 
 1657       7.115498694821e-10 
 1658       7.105671381857e-10 
 1659       7.095976464531e-10 
 1660       7.086413146258e-10 
 1661       7.076980624562e-10 
 1662       7.067678091068e-10 
 1663       7.058504731494e-10 
 1664       7.049459725638e-10 
 1665       7.040542247366e-10 
 1666       7.031751464610e-10 
 1667       7.023086539348e-10 
 1668       7.014546627602e-10 
 1669       7.006130879424e-10 
 1670       6.997838438888e-10 
 1671       6.989668444076e-10 
 1672       6.981620027075e-10 
 1673       6.973692313960e-10 
 1674       6.965884424788e-10 
 1675       6.958195513769e-10 
 1676       6.950624890189e-10 
 1677       6.943171898523e-10 
 1678       6.935835878340e-10 
 1679       6.928616164298e-10 
 1680       6.921512086132e-10 
 1681       6.914522968645e-10 
 1682       6.907648131707e-10 
 1683       6.900886890236e-10 
 1684       6.894238554200e-10 
 1685       6.887702428600e-10 
 1686       6.881277813469e-10 
 1687       6.874964003859e-10 
 1688       6.868760289834e-10 
 1689       6.862665956462e-10 
 1690       6.856680283808e-10 
 1691       6.850802546923e-10 
 1692       6.845032015837e-10 
 1693       6.839367955553e-10 
 1694       6.833809626033e-10 
 1695       6.828356282196e-10 
 1696       6.823007173907e-10 
 1697       6.817761545968e-10 
 1698       6.812618638110e-10 
 1699       6.807577684986e-10 
 1700       6.802637916163e-10 
 1701       6.797798556109e-10 
 1702       6.793058824194e-10 
 1703       6.788417934670e-10 
 1704       6.783875096674e-10 
 1705       6.779429514212e-10 
 1706       6.775080386154e-10 
 1707       6.770826906224e-10 
 1708       6.766668262994e-10 
 1709       6.762603639875e-10 
 1710       6.758632215106e-10 
 1711       6.754753161751e-10 
 1712       6.750965647685e-10 
 1713       6.747268835590e-10 
 1714       6.743661918585e-10 
 1715       6.740144227467e-10 
 1716       6.736715124375e-10 
 1717       6.733373967214e-10 
 1718       6.730120109660e-10 
 1719       6.726952901144e-10 
 1720       6.723871686851e-10 
 1721       6.720875807711e-10 
 1722       6.717964600391e-10 
 1723       6.715137397292e-10 
 1724       6.712393526537e-10 
 1725       6.709732311968e-10 
 1726       6.707153073140e-10 
 1727       6.704655125309e-10 
 1728       6.702237779431e-10 
 1729       6.699900342152e-10 
 1730       6.697642115800e-10 
 1731       6.695462398383e-10 
 1732       6.693360483576e-10 
 1733       6.691335660722e-10 
 1734       6.689387214815e-10 
 1735       6.687514426503e-10 
 1736       6.685716572075e-10 
 1737       6.683992923456e-10 
 1738       6.682342748201e-10 
 1739       6.680765309488e-10 
 1740       6.679259866109e-10 
 1741       6.677825672466e-10 
 1742       6.676461978563e-10 
 1743       6.675168029999e-10 
 1744       6.673943067961e-10 
 1745       6.672786329218e-10 
 1746       6.671697046115e-10 
 1747       6.670674446562e-10 
 1748       6.669717754032e-10 
 1749       6.668826187553e-10 
 1750       6.667998961700e-10 
 1751       6.667235286586e-10 
 1752       6.666534367862e-10 
 1753       6.665895458908e-10 
 1754       6.665318017916e-10 
 1755       6.664801552106e-10 
 1756       6.664345565639e-10 
 1757       6.663949559609e-10 
 1758       6.663613032038e-10 
 1759       6.663335477873e-10 
 1760       6.663116388984e-10 
 1761       6.662955254151e-10 
 1762       6.662851559068e-10 
 1763       6.662804786332e-10 
 1764       6.662814415442e-10 
 1765       6.662879922792e-10 
 1766       6.663000781669e-10 
 1767       6.663176462243e-10 
 1768       6.663406431569e-10 
 1769       6.663690153576e-10 
 1770       6.664027089066e-10 
 1771       6.664416695708e-10 
 1772       6.664858428035e-10 
 1773       6.665351737435e-10 
 1774       6.665896072150e-10 
 1775       6.666490877270e-10 
 1776       6.667135594730e-10 
 1777       6.667829663300e-10 
 1778       6.668572518587e-10 
 1779       6.669363593024e-10 
 1780       6.670202315871e-10 
 1781       6.671088113206e-10 
 1782       6.672020407920e-10 
 1783       6.672998619718e-10 
 1784       6.674022165106e-10 
 1785       6.675090457392e-10 
 1786       6.676202906680e-10 
 1787       6.677358919862e-10 
 1788       6.678557900621e-10 
 1789       6.679799249415e-10 
 1790       6.681082363483e-10 
 1791       6.682406636834e-10 
 1792       6.683771479354e-10 
 1793       6.685176374309e-10 
 1794       6.686620821301e-10 
 1795       6.688104317198e-10 
 1796       6.689626356129e-10 
 1797       6.691186429481e-10 
 1798       6.692784025893e-10 
 1799       6.694418631255e-10 
 1800       6.696089728701e-10 
 1801       6.697796798604e-10 
 1802       6.699539318578e-10 
 1803       6.701316763466e-10 
 1804       6.703128605342e-10 
 1805       6.704974313505e-10 
 1806       6.706853354472e-10 
 1807       6.708765191979e-10 
 1808       6.710709286975e-10 
 1809       6.712685097615e-10 
 1810       6.714692079260e-10 
 1811       6.716729684471e-10 
 1812       6.718797363005e-10 
 1813       6.720894561813e-10 
 1814       6.723020725030e-10 
 1815       6.725175293980e-10 
 1816       6.727357707163e-10 
 1817       6.729567400257e-10 
 1818       6.731803806112e-10 
 1819       6.734066354744e-10 
 1820       6.736354473335e-10 
 1821       6.738667586225e-10 
 1822       6.741005114910e-10 
 1823       6.743366478038e-10 
 1824       6.745751091404e-10 
 1825       6.748158367947e-10 
 1826       6.750587717745e-10 
 1827       6.753038548010e-10 
 1828       6.755510263087e-10 
 1829       6.758002264447e-10 
 1830       6.760513950686e-10 
 1831       6.763044741610e-10 
 1832       6.765594150731e-10 
 1833       6.768161713344e-10 
 1834       6.770746962485e-10 
 1835       6.773349428925e-10 
 1836       6.775968641168e-10 
 1837       6.778604125451e-10 
 1838       6.781255405734e-10 
 1839       6.783922003704e-10 
 1840       6.786603438765e-10 
 1841       6.789299228040e-10 
 1842       6.792008886368e-10 
 1843       6.794731926295e-10 
 1844       6.797467858078e-10 
 1845       6.800216189675e-10 
 1846       6.802976426748e-10 
 1847       6.805748072657e-10 
 1848       6.808530628454e-10 
 1849       6.811323592886e-10 
 1850       6.814126462386e-10 
 1851       6.816938731073e-10 
 1852       6.819759890748e-10 
 1853       6.822589430891e-10 
 1854       6.825426838658e-10 
 1855       6.828271598875e-10 
 1856       6.831123194040e-10 
 1857       6.833981104316e-10 
 1858       6.836844807528e-10 
 1859       6.839713779161e-10 
 1860       6.842587492357e-10 
 1861       6.845465417910e-10 
 1862       6.848347024266e-10 
 1863       6.851231777514e-10 
 1864       6.854119141390e-10 
 1865       6.857008577270e-10 
 1866       6.859899544165e-10 
 1867       6.862791498721e-10 
 1868       6.865683895216e-10 
 1869       6.868576185554e-10 
 1870       6.871467851467e-10 
 1871       6.874358501397e-10 
 1872       6.877247774367e-10 
 1873       6.880135307841e-10 
 1874       6.883020737724e-10 
 1875       6.885903698361e-10 
 1876       6.888783822532e-10 
 1877       6.891660741453e-10 
 1878       6.894534084771e-10 
 1879       6.897403480564e-10 
 1880       6.900268555339e-10 
 1881       6.903128934026e-10 
 1882       6.905984239982e-10 
 1883       6.908834094984e-10 
 1884       6.911678119231e-10 
 1885       6.914515931338e-10 
 1886       6.917347148335e-10 
 1887       6.920171385667e-10 
 1888       6.922988257189e-10 
 1889       6.925797375167e-10 
 1890       6.928598350271e-10 
 1891       6.931390791580e-10 
 1892       6.934174306574e-10 
 1893       6.936948501133e-10 
 1894       6.939712979537e-10 
 1895       6.942467344463e-10 
 1896       6.945211196981e-10 
 1897       6.947944136555e-10 
 1898       6.950665761039e-10 
 1899       6.953375666675e-10 
 1900       6.956073448091e-10 
 1901       6.958758698299e-10 
 1902       6.961431008694e-10 
 1903       6.964089969050e-10 
 1904       6.966735167518e-10 
 1905       6.969366190627e-10 
 1906       6.971982623277e-10 
 1907       6.974584048741e-10 
 1908       6.977170048661e-10 
 1909       6.979740199592e-10 
 1910       6.982294062604e-10 
 1911       6.984831193596e-10 
 1912       6.987351146743e-10 
 1913       6.989853474488e-10 
 1914       6.992337727546e-10 
 1915       6.994803454899e-10 
 1916       6.997250203794e-10 
 1917       6.999677519740e-10 
 1918       7.002084946509e-10 
 1919       7.004472026128e-10 
 1920       7.006838298884e-10 
 1921       7.009183303315e-10 
 1922       7.011506576212e-10 
 1923       7.013807652615e-10 
 1924       7.016086065814e-10 
 1925       7.018341347340e-10 
 1926       7.020573026970e-10 
 1927       7.022780632721e-10 
 1928       7.024963690848e-10 
 1929       7.027121725842e-10 
 1930       7.029254260431e-10 
 1931       7.031360815571e-10 
 1932       7.033440910449e-10 
 1933       7.035494062482e-10 
 1934       7.037519787308e-10 
 1935       7.039517598791e-10 
 1936       7.041487009015e-10 
 1937       7.043427528282e-10 
 1938       7.045338665112e-10 
 1939       7.047219926238e-10 
 1940       7.049070816605e-10 
 1941       7.050890839368e-10 
 1942       7.052679495890e-10 
 1943       7.054436285738e-10 
 1944       7.056160706683e-10 
 1945       7.057852254698e-10 
 1946       7.059510423952e-10 
 1947       7.061134706814e-10 
 1948       7.062724635730e-10 
 1949       7.064279909229e-10 
 1950       7.065800266862e-10 
 1951       7.067285447403e-10 
 1952       7.068735188844e-10 
 1953       7.070149228399e-10 
 1954       7.071527302501e-10 
 1955       7.072869146800e-10 
 1956       7.074174496163e-10 
 1957       7.075443084674e-10 
 1958       7.076674645632e-10 
 1959       7.077868911551e-10 
 1960       7.079025614157e-10 
 1961       7.080144484392e-10 
 1962       7.081225252406e-10 
 1963       7.082267647562e-10 
 1964       7.083271398432e-10 
 1965       7.084236232799e-10 
 1966       7.085161877653e-10 
 1967       7.086048059191e-10 
 1968       7.086894502816e-10 
 1969       7.087700933139e-10 
 1970       7.088467073973e-10 
 1971       7.089192648337e-10 
 1972       7.089877378451e-10 
 1973       7.090520985738e-10 
 1974       7.091123190823e-10 
 1975       7.091683713529e-10 
 1976       7.092202272881e-10 
 1977       7.092678587100e-10 
 1978       7.093112373606e-10 
 1979       7.093503349016e-10 
 1980       7.093851229142e-10 
 1981       7.094155728990e-10 
 1982       7.094416562763e-10 
 1983       7.094633443855e-10 
 1984       7.094806084851e-10 
 1985       7.094934197531e-10 
 1986       7.095017492861e-10 
 1987       7.095055690468e-10 
 1988       7.095048547107e-10 
 1989       7.094995828399e-10 
 1990       7.094897299381e-10 
 1991       7.094752724503e-10 
 1992       7.094561867634e-10 
 1993       7.094324492054e-10 
 1994       7.094040360458e-10 
 1995       7.093709234953e-10 
 1996       7.093330877059e-10 
 1997       7.092905047707e-10 
 1998       7.092431507242e-10 
 1999       7.091910015415e-10 
 2000       7.091340331392e-10 
 2001       7.090722213744e-10 
 2002       7.090055420453e-10 
 2003       7.089339708910e-10 
 2004       7.088574835911e-10 
 2005       7.087760557661e-10 
 2006       7.086896629770e-10 
 2007       7.085982807256e-10 
 2008       7.085018844540e-10 
 2009       7.084004495448e-10 
 2010       7.082939513210e-10 
 2011       7.081823650461e-10 
 2012       7.080656659236e-10 
 2013       7.079438290974e-10 
 2014       7.078168296515e-10 
 2015       7.076846426101e-10 
 2016       7.075472429372e-10 
 2017       7.074046055370e-10 
 2018       7.072567052536e-10 
 2019       7.071035168707e-10 
 2020       7.069450151122e-10 
 2021       7.067811746414e-10 
 2022       7.066119700614e-10 
 2023       7.064373759150e-10 
 2024       7.062573666843e-10 
 2025       7.060719167912e-10 
 2026       7.058810028803e-10 
 2027       7.056846106870e-10 
 2028       7.054827282194e-10 
 2029       7.052753434786e-10 
 2030       7.050624444595e-10 
 2031       7.048440191503e-10 
 2032       7.046200555326e-10 
 2033       7.043905415818e-10 
 2034       7.041554652663e-10 
 2035       7.039148145484e-10 
 2036       7.036685773837e-10 
 2037       7.034167417212e-10 
 2038       7.031592955037e-10 
 2039       7.028962266671e-10 
 2040       7.026275231413e-10 
 2041       7.023531728494e-10 
 2042       7.020731637080e-10 
 2043       7.017874836275e-10 
 2044       7.014961205115e-10 
 2045       7.011990622575e-10 
 2046       7.008962967564e-10 
 2047       7.005878118926e-10 
 2048       7.002735955441e-10 
 2049       6.999536355825e-10 
 2050       6.996279198731e-10 
 2051       6.992964362746e-10 
 2052       6.989591726393e-10 
 2053       6.986161168133e-10 
 2054       6.982672566362e-10 
 2055       6.979125799411e-10 
 2056       6.975520745549e-10 
 2057       6.971857282980e-10 
 2058       6.968135289845e-10 
 2059       6.964354644221e-10 
 2060       6.960515224123e-10 
 2061       6.956616907500e-10 
 2062       6.952659572240e-10 
 2063       6.948643096167e-10 
 2064       6.944567357039e-10 
 2065       6.940432266443e-10 
 2066       6.936237871711e-10 
 2067       6.931984254723e-10 
 2068       6.927671498084e-10 
 2069       6.923299685127e-10 
 2070       6.918868899913e-10 
 2071       6.914379227231e-10 
 2072       6.909830752603e-10 
 2073       6.905223562279e-10 
 2074       6.900557743242e-10 
 2075       6.895833383209e-10 
 2076       6.891050570630e-10 
 2077       6.886209394692e-10 
 2078       6.881309945317e-10 
 2079       6.876352313163e-10 
 2080       6.871336589629e-10 
 2081       6.866262866851e-10 
 2082       6.861131237707e-10 
 2083       6.855941795815e-10 
 2084       6.850694635535e-10 
 2085       6.845389851974e-10 
 2086       6.840027540978e-10 
 2087       6.834607799142e-10 
 2088       6.829130723806e-10 
 2089       6.823596413058e-10 
 2090       6.818004965735e-10 
 2091       6.812356481421e-10 
 2092       6.806651060455e-10 
 2093       6.800888803922e-10 
 2094       6.795069813664e-10 
 2095       6.789194192275e-10 
 2096       6.783262043102e-10 
 2097       6.777273470250e-10 
 2098       6.771228578579e-10 
 2099       6.765127473708e-10 
 2100       6.758970262013e-10 
 2101       6.752757050632e-10 
 2102       6.746487947460e-10 
 2103       6.740163061158e-10 
 2104       6.733782512769e-10 
 2105       6.727346470687e-10 
 2106       6.720855115933e-10 
 2107       6.714308630563e-10 
 2108       6.707707197663e-10 
 2109       6.701051001355e-10 
 2110       6.694340226795e-10 
 2111       6.687575060177e-10 
 2112       6.680755688733e-10 
 2113       6.673882300733e-10 
 2114       6.666955085488e-10 
 2115       6.659974233352e-10 
 2116       6.652939935723e-10 
 2117       6.645852385042e-10 
 2118       6.638711774796e-10 
 2119       6.631518299522e-10 
 2120       6.624272154802e-10 
 2121       6.616973537271e-10 
 2122       6.609622644614e-10 
 2123       6.602219675569e-10 
 2124       6.594764829929e-10 
 2125       6.587258308540e-10 
 2126       6.579700313308e-10 
 2127       6.572091047194e-10 
 2128       6.564430714221e-10 
 2129       6.556719519470e-10 
 2130       6.548957669086e-10 
 2131       6.541145370277e-10 
 2132       6.533282831316e-10 
 2133       6.525370261541e-10 
 2134       6.517407871359e-10 
 2135       6.509395872244e-10 
 2136       6.501334476741e-10 
 2137       6.493223898467e-10 
 2138       6.485064352110e-10 
 2139       6.476856053434e-10 
 2140       6.468599219278e-10 
 2141       6.460294067555e-10 
 2142       6.451940817260e-10 
 2143       6.443539698713e-10 
 2144       6.435090984382e-10 
 2145       6.426594958273e-10 
 2146       6.418051905709e-10 
 2147       6.409462113324e-10 
 2148       6.400825869071e-10 
 2149       6.392143462220e-10 
 2150       6.383415183362e-10 
 2151       6.374641324408e-10 
 2152       6.365822178593e-10 
 2153       6.356958040475e-10 
 2154       6.348049205939e-10 
 2155       6.339095972197e-10 
 2156       6.330098637793e-10 
 2157       6.321057502599e-10 
 2158       6.311972867821e-10 
 2159       6.302845035997e-10 
 2160       6.293674311004e-10 
 2161       6.284460998053e-10 
 2162       6.275205403697e-10 
 2163       6.265907835828e-10 
 2164       6.256568603680e-10 
 2165       6.247188017831e-10 
 2166       6.237766390203e-10 
 2167       6.228304034069e-10 
 2168       6.218801264045e-10 
 2169       6.209258396101e-10 
 2170       6.199675747558e-10 
 2171       6.190053637090e-10 
 2172       6.180392384725e-10 
 2173       6.170692311849e-10 
 2174       6.160953741205e-10 
 2175       6.151176996898e-10 
 2176       6.141362404391e-10 
 2177       6.131510290513e-10 
 2178       6.121620983454e-10 
 2179       6.111694812775e-10 
 2180       6.101732109401e-10 
 2181       6.091733205626e-10 
 2182       6.081698451919e-10 
 2183       6.071628267447e-10 
 2184       6.061523089888e-10 
 2185       6.051383358671e-10 
 2186       6.041209514969e-10 
 2187       6.031002001706e-10 
 2188       6.020761263559e-10 
 2189       6.010487746959e-10 
 2190       6.000181900091e-10 
 2191       5.989844172901e-10 
 2192       5.979475017093e-10 
 2193       5.969074886134e-10 
 2194       5.958644235254e-10 
 2195       5.948183521452e-10 
 2196       5.937693203492e-10 
 2197       5.927173741910e-10 
 2198       5.916625599013e-10 
 2199       5.906049238884e-10 
 2200       5.895445127382e-10 
 2201       5.884813732142e-10 
 2202       5.874155522583e-10 
 2203       5.863470969903e-10 
 2204       5.852760547087e-10 
 2205       5.842024728905e-10 
 2206       5.831263991915e-10 
 2207       5.820478814468e-10 
 2208       5.809669676704e-10 
 2209       5.798837060560e-10 
 2210       5.787981449768e-10 
 2211       5.777103329861e-10 
 2212       5.766203188171e-10 
 2213       5.755281513831e-10 
 2214       5.744338797782e-10 
 2215       5.733375532768e-10 
 2216       5.722392213346e-10 
 2217       5.711389335880e-10 
 2218       5.700367398548e-10 
 2219       5.689326901344e-10 
 2220       5.678268346077e-10 
 2221       5.667192211954e-10 
 2222       5.656098882143e-10 
 2223       5.644988716728e-10 
 2224       5.633862077092e-10 
 2225       5.622719325912e-10 
 2226       5.611560827166e-10 
 2227       5.600386946134e-10 
 2228       5.589198049395e-10 
 2229       5.577994504834e-10 
 2230       5.566776681640e-10 
 2231       5.555544950307e-10 
 2232       5.544299682639e-10 
 2233       5.533041251747e-10 
 2234       5.521770032055e-10 
 2235       5.510486399296e-10 
 2236       5.499190730519e-10 
 2237       5.487883404088e-10 
 2238       5.476564799680e-10 
 2239       5.465235298293e-10 
 2240       5.453895282243e-10 
 2241       5.442545135168e-10 
 2242       5.431185242025e-10 
 2243       5.419815989097e-10 
 2244       5.408437763991e-10 
 2245       5.397050955641e-10 
 2246       5.385655954307e-10 
 2247       5.374253151581e-10 
 2248       5.362842940383e-10 
 2249       5.351425714966e-10 
 2250       5.340001870917e-10 
 2251       5.328571805157e-10 
 2252       5.317135915944e-10 
 2253       5.305694602874e-10 
 2254       5.294248266881e-10 
 2255       5.282797310240e-10 
 2256       5.271342136570e-10 
 2257       5.259883150831e-10 
 2258       5.248420759328e-10 
 2259       5.236955369715e-10 
 2260       5.225487386302e-10 
 2261       5.214017195967e-10 
 2262       5.202545182157e-10 
 2263       5.191071729572e-10 
 2264       5.179597224165e-10 
 2265       5.168122053144e-10 
 2266       5.156646604976e-10 
 2267       5.145171269383e-10 
 2268       5.133696437345e-10 
 2269       5.122222501105e-10 
 2270       5.110749854166e-10 
 2271       5.099278891295e-10 
 2272       5.087810008522e-10 
 2273       5.076343603143e-10 
 2274       5.064880073720e-10 
 2275       5.053419820087e-10 
 2276       5.041963243342e-10 
 2277       5.030510745858e-10 
 2278       5.019062731278e-10 
 2279       5.007619604520e-10 
 2280       4.996181771775e-10 
 2281       4.984749640512e-10 
 2282       4.973323619477e-10 
 2283       4.961904118693e-10 
 2284       4.950491549465e-10 
 2285       4.939086324379e-10 
 2286       4.927688857304e-10 
 2287       4.916299563392e-10 
 2288       4.904918859081e-10 
 2289       4.893547162096e-10 
 2290       4.882184891449e-10 
 2291       4.870832467443e-10 
 2292       4.859490311671e-10 
 2293       4.848158847017e-10 
 2294       4.836838497659e-10 
 2295       4.825529689069e-10 
 2296       4.814232848016e-10 
 2297       4.802948402567e-10 
 2298       4.791676782084e-10 
 2299       4.780418398378e-10 
 2300       4.769173589000e-10 
 2301       4.757942673590e-10 
 2302       4.746725972696e-10 
 2303       4.735523807777e-10 
 2304       4.724336501205e-10 
 2305       4.713164376260e-10 
 2306       4.702007757139e-10 
 2307       4.690866968952e-10 
 2308       4.679742337723e-10 
 2309       4.668634190392e-10 
 2310       4.657542854818e-10 
 2311       4.646468659774e-10 
 2312       4.635411934954e-10 
 2313       4.624373010971e-10 
 2314       4.613352219357e-10 
 2315       4.602349892567e-10 
 2316       4.591366363977e-10 
 2317       4.580401967886e-10 
 2318       4.569457039517e-10 
 2319       4.558531915018e-10 
 2320       4.547626931462e-10 
 2321       4.536742426849e-10 
 2322       4.525878740107e-10 
 2323       4.515036211092e-10 
 2324       4.504215180587e-10 
 2325       4.493415990309e-10 
 2326       4.482638982903e-10 
 2327       4.471884501947e-10 
 2328       4.461152891952e-10 
 2329       4.450444498363e-10 
 2330       4.439759667557e-10 
 2331       4.429098746849e-10 
 2332       4.418462084491e-10 
 2333       4.407850029670e-10 
 2334       4.397262932512e-10 
 2335       4.386701144083e-10 
 2336       4.376165016387e-10 
 2337       4.365654902370e-10 
 2338       4.355171132768e-10 
 2339       4.344713946486e-10 
 2340       4.334283559787e-10 
 2341       4.323880189399e-10 
 2342       4.313504052522e-10 
 2343       4.303155366824e-10 
 2344       4.292834350440e-10 
 2345       4.282541221979e-10 
 2346       4.272276200516e-10 
 2347       4.262039505601e-10 
 2348       4.251831357253e-10 
 2349       4.241651975960e-10 
 2350       4.231501582686e-10 
 2351       4.221380398865e-10 
 2352       4.211288646404e-10 
 2353       4.201226547682e-10 
 2354       4.191194325553e-10 
 2355       4.181192203343e-10 
 2356       4.171220404854e-10 
 2357       4.161279154360e-10 
 2358       4.151368676613e-10 
 2359       4.141489196838e-10 
 2360       4.131640940737e-10 
 2361       4.121824134485e-10 
 2362       4.112039004738e-10 
 2363       4.102285778626e-10 
 2364       4.092564683755e-10 
 2365       4.082875948213e-10 
 2366       4.073219800562e-10 
 2367       4.063596469842e-10 
 2368       4.054006185576e-10 
 2369       4.044449177762e-10 
 2370       4.034925676879e-10 
 2371       4.025435913885e-10 
 2372       4.015980120220e-10 
 2373       4.006558527804e-10 
 2374       3.997171369037e-10 
 2375       3.987818876801e-10 
 2376       3.978501284461e-10 
 2377       3.969218796613e-10 
 2378       3.959971501151e-10 
 2379       3.950759456658e-10 
 2380       3.941582721611e-10 
 2381       3.932441354379e-10 
 2382       3.923335413221e-10 
 2383       3.914264956288e-10 
 2384       3.905230041622e-10 
 2385       3.896230727154e-10 
 2386       3.887267070708e-10 
 2387       3.878339129997e-10 
 2388       3.869446962624e-10 
 2389       3.860590626081e-10 
 2390       3.851770177750e-10 
 2391       3.842985674903e-10 
 2392       3.834237174701e-10 
 2393       3.825524734191e-10 
 2394       3.816848410313e-10 
 2395       3.808208259893e-10 
 2396       3.799604339643e-10 
 2397       3.791036706167e-10 
 2398       3.782505415954e-10 
 2399       3.774010525380e-10 
 2400       3.765552090711e-10 
 2401       3.757130168095e-10 
 2402       3.748744813573e-10 
 2403       3.740396083066e-10 
 2404       3.732084032386e-10 
 2405       3.723808717228e-10 
 2406       3.715570193174e-10 
 2407       3.707368515693e-10 
 2408       3.699203740135e-10 
 2409       3.691075921739e-10 
 2410       3.682985115627e-10 
 2411       3.674931376805e-10 
 2412       3.666914760166e-10 
 2413       3.658935320483e-10 
 2414       3.650993112417e-10 
 2415       3.643088190509e-10 
 2416       3.635220613373e-10 
 2417       3.627390456283e-10 
 2418       3.619597798660e-10 
 2419       3.611842719891e-10 
 2420       3.604125299328e-10 
 2421       3.596445616289e-10 
 2422       3.588803750059e-10 
 2423       3.581199779886e-10 
 2424       3.573633784985e-10 
 2425       3.566105844534e-10 
 2426       3.558616037679e-10 
 2427       3.551164443528e-10 
 2428       3.543751141154e-10 
 2429       3.536376209596e-10 
 2430       3.529039727857e-10 
 2431       3.521741774902e-10 
 2432       3.514482429661e-10 
 2433       3.507261771031e-10 
 2434       3.500079877868e-10 
 2435       3.492936828993e-10 
 2436       3.485832703193e-10 
 2437       3.478767579215e-10 
 2438       3.471741535770e-10 
 2439       3.464754651534e-10 
 2440       3.457807005142e-10 
 2441       3.450898675194e-10 
 2442       3.444029740254e-10 
 2443       3.437200278845e-10 
 2444       3.430410369454e-10 
 2445       3.423660090530e-10 
 2446       3.416949520484e-10 
 2447       3.410278737688e-10 
 2448       3.403647820476e-10 
 2449       3.397056847143e-10 
 2450       3.390505895948e-10 
 2451       3.383995045106e-10 
 2452       3.377524372798e-10 
 2453       3.371093957164e-10 
 2454       3.364703876302e-10 
 2455       3.358354170122e-10 
 2456       3.352044725625e-10 
 2457       3.345775390935e-10 
 2458       3.339546013392e-10 
 2459       3.333356439544e-10 
 2460       3.327206515152e-10 
 2461       3.321096085189e-10 
 2462       3.315024993835e-10 
 2463       3.308993084479e-10 
 2464       3.303000199719e-10 
 2465       3.297046181357e-10 
 2466       3.291130870403e-10 
 2467       3.285254107072e-10 
 2468       3.279415730782e-10 
 2469       3.273615580153e-10 
 2470       3.267853493010e-10 
 2471       3.262129306377e-10 
 2472       3.256442856478e-10 
 2473       3.250793978738e-10 
 2474       3.245182507781e-10 
 2475       3.239608277425e-10 
 2476       3.234071120689e-10 
 2477       3.228570869785e-10 
 2478       3.223107356121e-10 
 2479       3.217680410298e-10 
 2480       3.212289862111e-10 
 2481       3.206935540547e-10 
 2482       3.201617273784e-10 
 2483       3.196334889190e-10 
 2484       3.191088213323e-10 
 2485       3.185877071929e-10 
 2486       3.180701289943e-10 
 2487       3.175560691483e-10 
 2488       3.170455099857e-10 
 2489       3.165384337556e-10 
 2490       3.160348226254e-10 
 2491       3.155346586810e-10 
 2492       3.150379239264e-10 
 2493       3.145446002838e-10 
 2494       3.140546863659e-10 
 2495       3.135682479023e-10 
 2496       3.130853676089e-10 
 2497       3.126061284429e-10 
 2498       3.121306136026e-10 
 2499       3.116589065277e-10 
 2500       3.111910908998e-10 
