# dimensionless total [l(l+1)/2pi] C_l's
# for l=2 to 2500, i.e. number of multipoles equal to 2499
#
# -> if you prefer output in CAMB/HealPix/LensPix units/order, set 'format' to 'camb' in input file
# -> if you don't want to see such a header, set 'headers' to 'no' in input file
#
# 1:l     2:TT                 
    2       1.536110580386e-07 
    3       1.375835081111e-07 
    4       1.254539501515e-07 
    5       1.157913927431e-07 
    6       1.078289862604e-07 
    7       1.011031519715e-07 
    8       9.531481763719e-08 
    9       9.026156617474e-08 
   10       8.579586627066e-08 
   11       8.181150102640e-08 
   12       7.822848164635e-08 
   13       7.498281576812e-08 
   14       7.202406338961e-08 
   15       6.931318453747e-08 
   16       6.681747463063e-08 
   17       6.450962879090e-08 
   18       6.236062326902e-08 
   19       6.037566907272e-08 
   20       5.851260716090e-08 
   21       5.677099073023e-08 
   22       5.513211915876e-08 
   23       5.359448278864e-08 
   24       5.214110284365e-08 
   25       5.077056021610e-08 
   26       4.947152737319e-08 
   27       4.824023748688e-08 
   28       4.706627013054e-08 
   29       4.595312609914e-08 
   30       4.489731125743e-08 
   31       4.388584209051e-08 
   32       4.292017842956e-08 
   33       4.199909551910e-08 
   34       4.111532728551e-08 
   35       4.026923588365e-08 
   36       3.945856590410e-08 
   37       3.867741673057e-08 
   38       3.792746321010e-08 
   39       3.720957049528e-08 
   40       3.652025716091e-08 
   41       3.585388102165e-08 
   42       3.521105381352e-08 
   43       3.459226459384e-08 
   44       3.399528041127e-08 
   45       3.341665280721e-08 
   46       3.285733484943e-08 
   47       3.231833880776e-08 
   48       3.179900379872e-08 
   49       3.129685841101e-08 
   50       3.080878188697e-08 
   51       3.033517795366e-08 
   52       2.987669647090e-08 
   53       2.943295943847e-08 
   54       2.900248473026e-08 
   55       2.858343143687e-08 
   56       2.817622743901e-08 
   57       2.778146099401e-08 
   58       2.739907302479e-08 
   59       2.702831286468e-08 
   60       2.666769400218e-08 
   61       2.631559565296e-08 
   62       2.597232538343e-08 
   63       2.563844304052e-08 
   64       2.531413248565e-08 
   65       2.499917783114e-08 
   66       2.469293967657e-08 
   67       2.439433134526e-08 
   68       2.410223090731e-08 
   69       2.381686731434e-08 
   70       2.353867373265e-08 
   71       2.326786421568e-08 
   72       2.300442108573e-08 
   73       2.274808231592e-08 
   74       2.249832891196e-08 
   75       2.225437229399e-08 
   76       2.201542505588e-08 
   77       2.178159813773e-08 
   78       2.155314509251e-08 
   79       2.133018652549e-08 
   80       2.111270328690e-08 
   81       2.090052966472e-08 
   82       2.069334657738e-08 
   83       2.049067476646e-08 
   84       2.029204173906e-08 
   85       2.009752930449e-08 
   86       1.990730474879e-08 
   87       1.972145132580e-08 
   88       1.953996437001e-08 
   89       1.936274740952e-08 
   90       1.918960827886e-08 
   91       1.902025523189e-08 
   92       1.885429305473e-08 
   93       1.869135106450e-08 
   94       1.853149756997e-08 
   95       1.837488084900e-08 
   96       1.822160076790e-08 
   97       1.807170670470e-08 
   98       1.792519547239e-08 
   99       1.778200924221e-08 
  100       1.764203346689e-08 
  101       1.750509480394e-08 
  102       1.737095903888e-08 
  103       1.723932900854e-08 
  104       1.710993353985e-08 
  105       1.698281242215e-08 
  106       1.685806623806e-08 
  107       1.673576772197e-08 
  108       1.661596068348e-08 
  109       1.649865893079e-08 
  110       1.638384519420e-08 
  111       1.627147004948e-08 
  112       1.616145084135e-08 
  113       1.605367060691e-08 
  114       1.594797699903e-08 
  115       1.584418120986e-08 
  116       1.574211308642e-08 
  117       1.564179638145e-08 
  118       1.554329288732e-08 
  119       1.544664757691e-08 
  120       1.535188802388e-08 
  121       1.525902382294e-08 
  122       1.516804601012e-08 
  123       1.507892648303e-08 
  124       1.499161742115e-08 
  125       1.490605070609e-08 
  126       1.482213734186e-08 
  127       1.473976687515e-08 
  128       1.465880681560e-08 
  129       1.457914007431e-08 
  130       1.450078315432e-08 
  131       1.442377989055e-08 
  132       1.434816428917e-08 
  133       1.427396021987e-08 
  134       1.420118110817e-08 
  135       1.412982962779e-08 
  136       1.405989739291e-08 
  137       1.399136465053e-08 
  138       1.392419997273e-08 
  139       1.385835994906e-08 
  140       1.379378887879e-08 
  141       1.373041846326e-08 
  142       1.366816749819e-08 
  143       1.360694156598e-08 
  144       1.354665849712e-08 
  145       1.348732823291e-08 
  146       1.342898028788e-08 
  147       1.337163852954e-08 
  148       1.331532101879e-08 
  149       1.326003985036e-08 
  150       1.320580099319e-08 
  151       1.315260413087e-08 
  152       1.310044250201e-08 
  153       1.304930274073e-08 
  154       1.299916471701e-08 
  155       1.295000137711e-08 
  156       1.290177858403e-08 
  157       1.285445495787e-08 
  158       1.280798171626e-08 
  159       1.276230251480e-08 
  160       1.271735328745e-08 
  161       1.267307888943e-08 
  162       1.262948501502e-08 
  163       1.258659058736e-08 
  164       1.254441128730e-08 
  165       1.250295947108e-08 
  166       1.246224408809e-08 
  167       1.242227059856e-08 
  168       1.238304089130e-08 
  169       1.234455320141e-08 
  170       1.230680202799e-08 
  171       1.226977805189e-08 
  172       1.223346805339e-08 
  173       1.219785482997e-08 
  174       1.216291711398e-08 
  175       1.212862949039e-08 
  176       1.209496231450e-08 
  177       1.206188162967e-08 
  178       1.202934908502e-08 
  179       1.199732185318e-08 
  180       1.196576334770e-08 
  181       1.193467649996e-08 
  182       1.190407297552e-08 
  183       1.187396256997e-08 
  184       1.184435316635e-08 
  185       1.181525069270e-08 
  186       1.178665907955e-08 
  187       1.175858021742e-08 
  188       1.173101391427e-08 
  189       1.170395785309e-08 
  190       1.167740754932e-08 
  191       1.165135630836e-08 
  192       1.162579518312e-08 
  193       1.160071293144e-08 
  194       1.157609597367e-08 
  195       1.155192835009e-08 
  196       1.152819167848e-08 
  197       1.150486511154e-08 
  198       1.148192529449e-08 
  199       1.145934632245e-08 
  200       1.143709969804e-08 
  201       1.141516117597e-08 
  202       1.139353193031e-08 
  203       1.137221881900e-08 
  204       1.135122761066e-08 
  205       1.133056296238e-08 
  206       1.131022839762e-08 
  207       1.129022628402e-08 
  208       1.127055781130e-08 
  209       1.125122296907e-08 
  210       1.123222052472e-08 
  211       1.121354800123e-08 
  212       1.119520165508e-08 
  213       1.117717645405e-08 
  214       1.115946605510e-08 
  215       1.114206278223e-08 
  216       1.112495760431e-08 
  217       1.110814011294e-08 
  218       1.109159850034e-08 
  219       1.107531953713e-08 
  220       1.105928855025e-08 
  221       1.104348940080e-08 
  222       1.102790446184e-08 
  223       1.101251459633e-08 
  224       1.099730360363e-08 
  225       1.098227192274e-08 
  226       1.096742376736e-08 
  227       1.095276272493e-08 
  228       1.093829174513e-08 
  229       1.092401312840e-08 
  230       1.090992851437e-08 
  231       1.089603887040e-08 
  232       1.088234448007e-08 
  233       1.086884493166e-08 
  234       1.085553910665e-08 
  235       1.084242516820e-08 
  236       1.082950054967e-08 
  237       1.081676194308e-08 
  238       1.080420528765e-08 
  239       1.079182575823e-08 
  240       1.077961775384e-08 
  241       1.076757488616e-08 
  242       1.075568996799e-08 
  243       1.074395500179e-08 
  244       1.073236116814e-08 
  245       1.072089881422e-08 
  246       1.070955744236e-08 
  247       1.069832569849e-08 
  248       1.068719136061e-08 
  249       1.067614132736e-08 
  250       1.066516453785e-08 
  251       1.065426094206e-08 
  252       1.064343302590e-08 
  253       1.063268292054e-08 
  254       1.062201239647e-08 
  255       1.061142285766e-08 
  256       1.060091533559e-08 
  257       1.059049048340e-08 
  258       1.058014856998e-08 
  259       1.056988947404e-08 
  260       1.055971267824e-08 
  261       1.054961726328e-08 
  262       1.053960190200e-08 
  263       1.052966485346e-08 
  264       1.051980395708e-08 
  265       1.051001662669e-08 
  266       1.050029984468e-08 
  267       1.049065015604e-08 
  268       1.048106366252e-08 
  269       1.047153601668e-08 
  270       1.046206241602e-08 
  271       1.045263759708e-08 
  272       1.044325582950e-08 
  273       1.043391091016e-08 
  274       1.042459615728e-08 
  275       1.041530440447e-08 
  276       1.040602799490e-08 
  277       1.039675877533e-08 
  278       1.038748809027e-08 
  279       1.037820867162e-08 
  280       1.036892042826e-08 
  281       1.035962494495e-08 
  282       1.035032361074e-08 
  283       1.034101761605e-08 
  284       1.033170794958e-08 
  285       1.032239539544e-08 
  286       1.031308053005e-08 
  287       1.030376371922e-08 
  288       1.029444511515e-08 
  289       1.028512465342e-08 
  290       1.027580205001e-08 
  291       1.026647679833e-08 
  292       1.025714816620e-08 
  293       1.024781519287e-08 
  294       1.023847668606e-08 
  295       1.022913121892e-08 
  296       1.021977712707e-08 
  297       1.021041250564e-08 
  298       1.020103520621e-08 
  299       1.019164283388e-08 
  300       1.018223274426e-08 
  301       1.017280204047e-08 
  302       1.016334757018e-08 
  303       1.015386592259e-08 
  304       1.014435342545e-08 
  305       1.013480614208e-08 
  306       1.012521986840e-08 
  307       1.011559012986e-08 
  308       1.010591217856e-08 
  309       1.009618099019e-08 
  310       1.008639126105e-08 
  311       1.007653740507e-08 
  312       1.006661478243e-08 
  313       1.005662345441e-08 
  314       1.004656459695e-08 
  315       1.003643928324e-08 
  316       1.002624848225e-08 
  317       1.001599305727e-08 
  318       1.000567376443e-08 
  319       9.995291251219e-09 
  320       9.984846055022e-09 
  321       9.974338601626e-09 
  322       9.963769203754e-09 
  323       9.953138059590e-09 
  324       9.942445251300e-09 
  325       9.931690743559e-09 
  326       9.920874382072e-09 
  327       9.909995892100e-09 
  328       9.899054876984e-09 
  329       9.888050816672e-09 
  330       9.876983066235e-09 
  331       9.865850854400e-09 
  332       9.854653282070e-09 
  333       9.843389320849e-09 
  334       9.832057811565e-09 
  335       9.820657462795e-09 
  336       9.809186849392e-09 
  337       9.797644411002e-09 
  338       9.786028450596e-09 
  339       9.774337132990e-09 
  340       9.762568483370e-09 
  341       9.750720385814e-09 
  342       9.738790581821e-09 
  343       9.726776668832e-09 
  344       9.714676098754e-09 
  345       9.702486176484e-09 
  346       9.690204058435e-09 
  347       9.677826751059e-09 
  348       9.665351109372e-09 
  349       9.652774592675e-09 
  350       9.640097569400e-09 
  351       9.627321105110e-09 
  352       9.614446213216e-09 
  353       9.601473854235e-09 
  354       9.588404935068e-09 
  355       9.575240308261e-09 
  356       9.561980771279e-09 
  357       9.548627065766e-09 
  358       9.535179876821e-09 
  359       9.521639832263e-09 
  360       9.508007501897e-09 
  361       9.494283396784e-09 
  362       9.480467968511e-09 
  363       9.466561608455e-09 
  364       9.452564647054e-09 
  365       9.438477353073e-09 
  366       9.424299932873e-09 
  367       9.410032529681e-09 
  368       9.395675222854e-09 
  369       9.381228027151e-09 
  370       9.366690891998e-09 
  371       9.352063700756e-09 
  372       9.337346269994e-09 
  373       9.322538348749e-09 
  374       9.307639617803e-09 
  375       9.292649688941e-09 
  376       9.277568104230e-09 
  377       9.262394335277e-09 
  378       9.247127782504e-09 
  379       9.231767774412e-09 
  380       9.216313566854e-09 
  381       9.200764342294e-09 
  382       9.185119209086e-09 
  383       9.169377200734e-09 
  384       9.153537275162e-09 
  385       9.137598313986e-09 
  386       9.121559121776e-09 
  387       9.105418425327e-09 
  388       9.089175301384e-09 
  389       9.072830478937e-09 
  390       9.056385084204e-09 
  391       9.039840216178e-09 
  392       9.023196946243e-09 
  393       9.006456317776e-09 
  394       8.989619345761e-09 
  395       8.972687016393e-09 
  396       8.955660286692e-09 
  397       8.938540084107e-09 
  398       8.921327306125e-09 
  399       8.904022819885e-09 
  400       8.886627461778e-09 
  401       8.869142037066e-09 
  402       8.851567319479e-09 
  403       8.833904050836e-09 
  404       8.816152940643e-09 
  405       8.798314665708e-09 
  406       8.780389869748e-09 
  407       8.762379162997e-09 
  408       8.744283121817e-09 
  409       8.726102288302e-09 
  410       8.707837169893e-09 
  411       8.689488238980e-09 
  412       8.671055932517e-09 
  413       8.652540651626e-09 
  414       8.633942761207e-09 
  415       8.615262589549e-09 
  416       8.596500427936e-09 
  417       8.577656530256e-09 
  418       8.558731112609e-09 
  419       8.539724352920e-09 
  420       8.520636390541e-09 
  421       8.501467325866e-09 
  422       8.482217219936e-09 
  423       8.462886094048e-09 
  424       8.443473929364e-09 
  425       8.423980666521e-09 
  426       8.404406205239e-09 
  427       8.384750645662e-09 
  428       8.365015022234e-09 
  429       8.345200594022e-09 
  430       8.325308605005e-09 
  431       8.305340283846e-09 
  432       8.285296843655e-09 
  433       8.265179481757e-09 
  434       8.244989379460e-09 
  435       8.224727701826e-09 
  436       8.204395597430e-09 
  437       8.183994198136e-09 
  438       8.163524618859e-09 
  439       8.142987957336e-09 
  440       8.122385293890e-09 
  441       8.101717691200e-09 
  442       8.080986194066e-09 
  443       8.060191829181e-09 
  444       8.039335604891e-09 
  445       8.018418510970e-09 
  446       7.997441518384e-09 
  447       7.976405579057e-09 
  448       7.955311625640e-09 
  449       7.934160571280e-09 
  450       7.912953309384e-09 
  451       7.891690713389e-09 
  452       7.870373636530e-09 
  453       7.849002911602e-09 
  454       7.827579350736e-09 
  455       7.806103745160e-09 
  456       7.784576864966e-09 
  457       7.762999458883e-09 
  458       7.741372254040e-09 
  459       7.719695955734e-09 
  460       7.697971247198e-09 
  461       7.676198789368e-09 
  462       7.654379220652e-09 
  463       7.632513156695e-09 
  464       7.610601190147e-09 
  465       7.588643890433e-09 
  466       7.566641932596e-09 
  467       7.544596488738e-09 
  468       7.522508848337e-09 
  469       7.500380290107e-09 
  470       7.478212081840e-09 
  471       7.456005480241e-09 
  472       7.433761730773e-09 
  473       7.411482067487e-09 
  474       7.389167712868e-09 
  475       7.366819877667e-09 
  476       7.344439760748e-09 
  477       7.322028548918e-09 
  478       7.299587416770e-09 
  479       7.277117526522e-09 
  480       7.254620027853e-09 
  481       7.232096057745e-09 
  482       7.209546740317e-09 
  483       7.186973186669e-09 
  484       7.164376494716e-09 
  485       7.141757749029e-09 
  486       7.119118020673e-09 
  487       7.096458367045e-09 
  488       7.073779831715e-09 
  489       7.051083444261e-09 
  490       7.028370220109e-09 
  491       7.005641160375e-09 
  492       6.982897251696e-09 
  493       6.960139466077e-09 
  494       6.937368760724e-09 
  495       6.914586077884e-09 
  496       6.891792344684e-09 
  497       6.868988472972e-09 
  498       6.846175359149e-09 
  499       6.823353884014e-09 
  500       6.800524912600e-09 
  501       6.777689294014e-09 
  502       6.754847861271e-09 
  503       6.732001431139e-09 
  504       6.709150803974e-09 
  505       6.686296836194e-09 
  506       6.663440660325e-09 
  507       6.640583470975e-09 
  508       6.617726452649e-09 
  509       6.594870779618e-09 
  510       6.572017615794e-09 
  511       6.549168114599e-09 
  512       6.526323418844e-09 
  513       6.503484660596e-09 
  514       6.480652961053e-09 
  515       6.457829430418e-09 
  516       6.435015167768e-09 
  517       6.412211260931e-09 
  518       6.389418786355e-09 
  519       6.366638808984e-09 
  520       6.343872382127e-09 
  521       6.321120547334e-09 
  522       6.298384334267e-09 
  523       6.275664760574e-09 
  524       6.252962831760e-09 
  525       6.230279541060e-09 
  526       6.207615869314e-09 
  527       6.184972784836e-09 
  528       6.162351243289e-09 
  529       6.139752187559e-09 
  530       6.117176547623e-09 
  531       6.094625240428e-09 
  532       6.072099169758e-09 
  533       6.049599226111e-09 
  534       6.027126286568e-09 
  535       6.004681214668e-09 
  536       5.982264860281e-09 
  537       5.959878059479e-09 
  538       5.937521634410e-09 
  539       5.915196393170e-09 
  540       5.892903129678e-09 
  541       5.870642623543e-09 
  542       5.848415639944e-09 
  543       5.826222929496e-09 
  544       5.804065273948e-09 
  545       5.781943624865e-09 
  546       5.759858968401e-09 
  547       5.737812279712e-09 
  548       5.715804522842e-09 
  549       5.693836650616e-09 
  550       5.671909604535e-09 
  551       5.650024314659e-09 
  552       5.628181699506e-09 
  553       5.606382665941e-09 
  554       5.584628109064e-09 
  555       5.562918912106e-09 
  556       5.541255946317e-09 
  557       5.519640070859e-09 
  558       5.498072132695e-09 
  559       5.476552966483e-09 
  560       5.455083394467e-09 
  561       5.433664226365e-09 
  562       5.412296259264e-09 
  563       5.390980277510e-09 
  564       5.369717052597e-09 
  565       5.348507343063e-09 
  566       5.327351894377e-09 
  567       5.306251438831e-09 
  568       5.285206695434e-09 
  569       5.264218369800e-09 
  570       5.243287154040e-09 
  571       5.222413726655e-09 
  572       5.201598752425e-09 
  573       5.180842882301e-09 
  574       5.160146753297e-09 
  575       5.139510988382e-09 
  576       5.118936196367e-09 
  577       5.098422971802e-09 
  578       5.077971894862e-09 
  579       5.057583531244e-09 
  580       5.037258432050e-09 
  581       5.016997133688e-09 
  582       4.996800157755e-09 
  583       4.976668042442e-09 
  584       4.956601437806e-09 
  585       4.936601012663e-09 
  586       4.916667423194e-09 
  587       4.896801312851e-09 
  588       4.877003312256e-09 
  589       4.857274039107e-09 
  590       4.837614098078e-09 
  591       4.818024080720e-09 
  592       4.798504565366e-09 
  593       4.779056117035e-09 
  594       4.759679287328e-09 
  595       4.740374614336e-09 
  596       4.721142622540e-09 
  597       4.701983822716e-09 
  598       4.682898711831e-09 
  599       4.663887772954e-09 
  600       4.644951475151e-09 
  601       4.626090273391e-09 
  602       4.607304608449e-09 
  603       4.588594906804e-09 
  604       4.569961580547e-09 
  605       4.551405027280e-09 
  606       4.532925630018e-09 
  607       4.514523757093e-09 
  608       4.496199762057e-09 
  609       4.477953983581e-09 
  610       4.459786745361e-09 
  611       4.441698356017e-09 
  612       4.423689108998e-09 
  613       4.405759282485e-09 
  614       4.387909139289e-09 
  615       4.370138926758e-09 
  616       4.352448876678e-09 
  617       4.334839205173e-09 
  618       4.317310112610e-09 
  619       4.299861783501e-09 
  620       4.282494386404e-09 
  621       4.265208073828e-09 
  622       4.248003026493e-09 
  623       4.230879587462e-09 
  624       4.213838130956e-09 
  625       4.196879018203e-09 
  626       4.180002597345e-09 
  627       4.163209203356e-09 
  628       4.146499157964e-09 
  629       4.129872769558e-09 
  630       4.113330333112e-09 
  631       4.096872130097e-09 
  632       4.080498428396e-09 
  633       4.064209482224e-09 
  634       4.048005532041e-09 
  635       4.031886804471e-09 
  636       4.015853512214e-09 
  637       3.999905853966e-09 
  638       3.984044014331e-09 
  639       3.968268163742e-09 
  640       3.952578458374e-09 
  641       3.936975040059e-09 
  642       3.921458036207e-09 
  643       3.906027559715e-09 
  644       3.890683708890e-09 
  645       3.875426567361e-09 
  646       3.860256203995e-09 
  647       3.845172672816e-09 
  648       3.830176012917e-09 
  649       3.815266248382e-09 
  650       3.800443388194e-09 
  651       3.785707426160e-09 
  652       3.771058340818e-09 
  653       3.756496095361e-09 
  654       3.742020637550e-09 
  655       3.727631899627e-09 
  656       3.713329798237e-09 
  657       3.699114234339e-09 
  658       3.684985093125e-09 
  659       3.670942243935e-09 
  660       3.656985540175e-09 
  661       3.643114870885e-09 
  662       3.629330316888e-09 
  663       3.615631997920e-09 
  664       3.602020021215e-09 
  665       3.588494481441e-09 
  666       3.575055460623e-09 
  667       3.561703028079e-09 
  668       3.548437240345e-09 
  669       3.535258141109e-09 
  670       3.522165761143e-09 
  671       3.509160118226e-09 
  672       3.496241217082e-09 
  673       3.483409049306e-09 
  674       3.470663593295e-09 
  675       3.458004814179e-09 
  676       3.445432663751e-09 
  677       3.432947080396e-09 
  678       3.420547989023e-09 
  679       3.408235300994e-09 
  680       3.396008914057e-09 
  681       3.383868712270e-09 
  682       3.371814565940e-09 
  683       3.359846331545e-09 
  684       3.347963851668e-09 
  685       3.336166954930e-09 
  686       3.324455455914e-09 
  687       3.312829155100e-09 
  688       3.301287838794e-09 
  689       3.289831279059e-09 
  690       3.278459233641e-09 
  691       3.267171445906e-09 
  692       3.255967644766e-09 
  693       3.244847544609e-09 
  694       3.233810845231e-09 
  695       3.222857231766e-09 
  696       3.211986374614e-09 
  697       3.201197929377e-09 
  698       3.190491536781e-09 
  699       3.179866822613e-09 
  700       3.169323452274e-09 
  701       3.158861295832e-09 
  702       3.148480266269e-09 
  703       3.138180265111e-09 
  704       3.127961182373e-09 
  705       3.117822896500e-09 
  706       3.107765274311e-09 
  707       3.097788170946e-09 
  708       3.087891429805e-09 
  709       3.078074882494e-09 
  710       3.068338348769e-09 
  711       3.058681636480e-09 
  712       3.049104541510e-09 
  713       3.039606847726e-09 
  714       3.030188326917e-09 
  715       3.020848738739e-09 
  716       3.011587830659e-09 
  717       3.002405337900e-09 
  718       2.993300983383e-09 
  719       2.984274477668e-09 
  720       2.975325518905e-09 
  721       2.966453792769e-09 
  722       2.957658972410e-09 
  723       2.948940718394e-09 
  724       2.940298678645e-09 
  725       2.931732488393e-09 
  726       2.923241770115e-09 
  727       2.914826133476e-09 
  728       2.906485175278e-09 
  729       2.898218479401e-09 
  730       2.890025616744e-09 
  731       2.881906145174e-09 
  732       2.873859609465e-09 
  733       2.865885541244e-09 
  734       2.857983458934e-09 
  735       2.850152867698e-09 
  736       2.842393259381e-09 
  737       2.834704112457e-09 
  738       2.827084891969e-09 
  739       2.819535117074e-09 
  740       2.812054565260e-09 
  741       2.804643072044e-09 
  742       2.797300463705e-09 
  743       2.790026557234e-09 
  744       2.782821160296e-09 
  745       2.775684071187e-09 
  746       2.768615078795e-09 
  747       2.761613962555e-09 
  748       2.754680492412e-09 
  749       2.747814428774e-09 
  750       2.741015522474e-09 
  751       2.734283514727e-09 
  752       2.727618137091e-09 
  753       2.721019111420e-09 
  754       2.714486149831e-09 
  755       2.708018954651e-09 
  756       2.701617218388e-09 
  757       2.695280623679e-09 
  758       2.689008843254e-09 
  759       2.682801539893e-09 
  760       2.676658366386e-09 
  761       2.670578965487e-09 
  762       2.664562969879e-09 
  763       2.658610002127e-09 
  764       2.652719674638e-09 
  765       2.646891589620e-09 
  766       2.641125339042e-09 
  767       2.635420504588e-09 
  768       2.629776657620e-09 
  769       2.624193359134e-09 
  770       2.618670159719e-09 
  771       2.613206599516e-09 
  772       2.607802208176e-09 
  773       2.602456504817e-09 
  774       2.597168997985e-09 
  775       2.591939185611e-09 
  776       2.586766554970e-09 
  777       2.581650582639e-09 
  778       2.576590793584e-09 
  779       2.571586939720e-09 
  780       2.566638824620e-09 
  781       2.561746244654e-09 
  782       2.556908988965e-09 
  783       2.552126839437e-09 
  784       2.547399570661e-09 
  785       2.542726949915e-09 
  786       2.538108737122e-09 
  787       2.533544684831e-09 
  788       2.529034538180e-09 
  789       2.524578034869e-09 
  790       2.520174905130e-09 
  791       2.515824871698e-09 
  792       2.511527649777e-09 
  793       2.507282947017e-09 
  794       2.503090463477e-09 
  795       2.498949891602e-09 
  796       2.494860916185e-09 
  797       2.490823214347e-09 
  798       2.486836455498e-09 
  799       2.482900301314e-09 
  800       2.479014405702e-09 
  801       2.475178414773e-09 
  802       2.471391966813e-09 
  803       2.467654692250e-09 
  804       2.463966213627e-09 
  805       2.460326145571e-09 
  806       2.456734094762e-09 
  807       2.453189659906e-09 
  808       2.449692431702e-09 
  809       2.446241992816e-09 
  810       2.442837917845e-09 
  811       2.439479773296e-09 
  812       2.436167117546e-09 
  813       2.432899500820e-09 
  814       2.429676465159e-09 
  815       2.426497544388e-09 
  816       2.423362264089e-09 
  817       2.420270193255e-09 
  818       2.417221100341e-09 
  819       2.414214799939e-09 
  820       2.411251101329e-09 
  821       2.408329808457e-09 
  822       2.405450719913e-09 
  823       2.402613628911e-09 
  824       2.399818323270e-09 
  825       2.397064585392e-09 
  826       2.394352192241e-09 
  827       2.391680915323e-09 
  828       2.389050520667e-09 
  829       2.386460768801e-09 
  830       2.383911414734e-09 
  831       2.381402207936e-09 
  832       2.378932892315e-09 
  833       2.376503206198e-09 
  834       2.374112882311e-09 
  835       2.371761647757e-09 
  836       2.369449223994e-09 
  837       2.367175326820e-09 
  838       2.364939666346e-09 
  839       2.362741946980e-09 
  840       2.360581867405e-09 
  841       2.358459120556e-09 
  842       2.356373393604e-09 
  843       2.354324367932e-09 
  844       2.352311719114e-09 
  845       2.350335116900e-09 
  846       2.348394225186e-09 
  847       2.346488702003e-09 
  848       2.344618199491e-09 
  849       2.342782363879e-09 
  850       2.340980835466e-09 
  851       2.339213248598e-09 
  852       2.337479231651e-09 
  853       2.335778407006e-09 
  854       2.334110391034e-09 
  855       2.332474794069e-09 
  856       2.330871264453e-09 
  857       2.329299621517e-09 
  858       2.327759724827e-09 
  859       2.326251430311e-09 
  860       2.324774590250e-09 
  861       2.323329053262e-09 
  862       2.321914664292e-09 
  863       2.320531264593e-09 
  864       2.319178691720e-09 
  865       2.317856779508e-09 
  866       2.316565358066e-09 
  867       2.315304253761e-09 
  868       2.314073289204e-09 
  869       2.312872283237e-09 
  870       2.311701050919e-09 
  871       2.310559403516e-09 
  872       2.309447148482e-09 
  873       2.308364089451e-09 
  874       2.307310026221e-09 
  875       2.306284754740e-09 
  876       2.305288067095e-09 
  877       2.304319751495e-09 
  878       2.303379592263e-09 
  879       2.302467369817e-09 
  880       2.301582860662e-09 
  881       2.300725837370e-09 
  882       2.299896068575e-09 
  883       2.299093318952e-09 
  884       2.298317349207e-09 
  885       2.297567916064e-09 
  886       2.296844772253e-09 
  887       2.296147666491e-09 
  888       2.295476343475e-09 
  889       2.294830543865e-09 
  890       2.294210004272e-09 
  891       2.293614457245e-09 
  892       2.293043631255e-09 
  893       2.292497250685e-09 
  894       2.291975035815e-09 
  895       2.291476726634e-09 
  896       2.291002154730e-09 
  897       2.290551172543e-09 
  898       2.290123629644e-09 
  899       2.289719372717e-09 
  900       2.289338245555e-09 
  901       2.288980089049e-09 
  902       2.288644741174e-09 
  903       2.288332036986e-09 
  904       2.288041808607e-09 
  905       2.287773885218e-09 
  906       2.287528093047e-09 
  907       2.287304255361e-09 
  908       2.287102192457e-09 
  909       2.286921721648e-09 
  910       2.286762657258e-09 
  911       2.286624810610e-09 
  912       2.286507990016e-09 
  913       2.286412000769e-09 
  914       2.286336645129e-09 
  915       2.286281722318e-09 
  916       2.286247028510e-09 
  917       2.286232356815e-09 
  918       2.286237497278e-09 
  919       2.286262236863e-09 
  920       2.286306359445e-09 
  921       2.286369645799e-09 
  922       2.286451873596e-09 
  923       2.286552817384e-09 
  924       2.286672248584e-09 
  925       2.286809935482e-09 
  926       2.286965643212e-09 
  927       2.287139133754e-09 
  928       2.287330165919e-09 
  929       2.287538495342e-09 
  930       2.287763874470e-09 
  931       2.288006052554e-09 
  932       2.288264775639e-09 
  933       2.288539786553e-09 
  934       2.288830847904e-09 
  935       2.289137811482e-09 
  936       2.289460549921e-09 
  937       2.289798933787e-09 
  938       2.290152831571e-09 
  939       2.290522109682e-09 
  940       2.290906632440e-09 
  941       2.291306262071e-09 
  942       2.291720858697e-09 
  943       2.292150280333e-09 
  944       2.292594382880e-09 
  945       2.293053020116e-09 
  946       2.293526043689e-09 
  947       2.294013303115e-09 
  948       2.294514645768e-09 
  949       2.295029916871e-09 
  950       2.295558959496e-09 
  951       2.296101614550e-09 
  952       2.296657720775e-09 
  953       2.297227114735e-09 
  954       2.297809630815e-09 
  955       2.298405101211e-09 
  956       2.299013355925e-09 
  957       2.299634222758e-09 
  958       2.300267527301e-09 
  959       2.300913092932e-09 
  960       2.301570740808e-09 
  961       2.302240289858e-09 
  962       2.302921556777e-09 
  963       2.303614356016e-09 
  964       2.304318499783e-09 
  965       2.305033798027e-09 
  966       2.305760058440e-09 
  967       2.306497086444e-09 
  968       2.307244685188e-09 
  969       2.308002655538e-09 
  970       2.308770796075e-09 
  971       2.309548903085e-09 
  972       2.310336770553e-09 
  973       2.311134198316e-09 
  974       2.311941016673e-09 
  975       2.312757062132e-09 
  976       2.313582169275e-09 
  977       2.314416170759e-09 
  978       2.315258897304e-09 
  979       2.316110177690e-09 
  980       2.316969838752e-09 
  981       2.317837705374e-09 
  982       2.318713600482e-09 
  983       2.319597345040e-09 
  984       2.320488758044e-09 
  985       2.321387656518e-09 
  986       2.322293855503e-09 
  987       2.323207168058e-09 
  988       2.324127405251e-09 
  989       2.325054376153e-09 
  990       2.325987887834e-09 
  991       2.326927745357e-09 
  992       2.327873751771e-09 
  993       2.328825708108e-09 
  994       2.329783413376e-09 
  995       2.330746664551e-09 
  996       2.331715256575e-09 
  997       2.332688982352e-09 
  998       2.333667632734e-09 
  999       2.334650996525e-09 
 1000       2.335638860470e-09 
 1001       2.336631009252e-09 
 1002       2.337627225482e-09 
 1003       2.338627289701e-09 
 1004       2.339630980365e-09 
 1005       2.340638073849e-09 
 1006       2.341648344433e-09 
 1007       2.342661564303e-09 
 1008       2.343677503541e-09 
 1009       2.344695930120e-09 
 1010       2.345716609902e-09 
 1011       2.346739306627e-09 
 1012       2.347763792657e-09 
 1013       2.348789881366e-09 
 1014       2.349817395204e-09 
 1015       2.350846154991e-09 
 1016       2.351875979913e-09 
 1017       2.352906687516e-09 
 1018       2.353938093704e-09 
 1019       2.354970012732e-09 
 1020       2.356002257203e-09 
 1021       2.357034638064e-09 
 1022       2.358066964602e-09 
 1023       2.359099044438e-09 
 1024       2.360130683524e-09 
 1025       2.361161686139e-09 
 1026       2.362191854882e-09 
 1027       2.363220990672e-09 
 1028       2.364248892740e-09 
 1029       2.365275358625e-09 
 1030       2.366300184173e-09 
 1031       2.367323163527e-09 
 1032       2.368344089130e-09 
 1033       2.369362751712e-09 
 1034       2.370378940295e-09 
 1035       2.371392442179e-09 
 1036       2.372403042947e-09 
 1037       2.373410526453e-09 
 1038       2.374414674822e-09 
 1039       2.375415268445e-09 
 1040       2.376412085973e-09 
 1041       2.377404904315e-09 
 1042       2.378393498632e-09 
 1043       2.379377642333e-09 
 1044       2.380357107071e-09 
 1045       2.381331662739e-09 
 1046       2.382301077463e-09 
 1047       2.383265117602e-09 
 1048       2.384223547742e-09 
 1049       2.385176130688e-09 
 1050       2.386122627466e-09 
 1051       2.387062807481e-09 
 1052       2.387996479176e-09 
 1053       2.388923459792e-09 
 1054       2.389843565236e-09 
 1055       2.390756610078e-09 
 1056       2.391662407550e-09 
 1057       2.392560769537e-09 
 1058       2.393451506580e-09 
 1059       2.394334427869e-09 
 1060       2.395209341242e-09 
 1061       2.396076053181e-09 
 1062       2.396934368805e-09 
 1063       2.397784091874e-09 
 1064       2.398625024780e-09 
 1065       2.399456968547e-09 
 1066       2.400279722826e-09 
 1067       2.401093085890e-09 
 1068       2.401896854637e-09 
 1069       2.402690824580e-09 
 1070       2.403474789846e-09 
 1071       2.404248543177e-09 
 1072       2.405011875918e-09 
 1073       2.405764578023e-09 
 1074       2.406506438046e-09 
 1075       2.407237243139e-09 
 1076       2.407956779048e-09 
 1077       2.408664830114e-09 
 1078       2.409361179265e-09 
 1079       2.410045608012e-09 
 1080       2.410717896453e-09 
 1081       2.411377823261e-09 
 1082       2.412025165686e-09 
 1083       2.412659699551e-09 
 1084       2.413281199246e-09 
 1085       2.413889437731e-09 
 1086       2.414484186524e-09 
 1087       2.415065215706e-09 
 1088       2.415632293913e-09 
 1089       2.416185188333e-09 
 1090       2.416723674747e-09 
 1091       2.417247567791e-09 
 1092       2.417756691092e-09 
 1093       2.418250867260e-09 
 1094       2.418729917886e-09 
 1095       2.419193663543e-09 
 1096       2.419641923777e-09 
 1097       2.420074517111e-09 
 1098       2.420491261041e-09 
 1099       2.420891972032e-09 
 1100       2.421276465517e-09 
 1101       2.421644555895e-09 
 1102       2.421996056531e-09 
 1103       2.422330779748e-09 
 1104       2.422648536829e-09 
 1105       2.422949138015e-09 
 1106       2.423232392502e-09 
 1107       2.423498108438e-09 
 1108       2.423746092919e-09 
 1109       2.423976151992e-09 
 1110       2.424188090650e-09 
 1111       2.424381712827e-09 
 1112       2.424556821401e-09 
 1113       2.424713218187e-09 
 1114       2.424850703938e-09 
 1115       2.424969078343e-09 
 1116       2.425068140021e-09 
 1117       2.425147686523e-09 
 1118       2.425207514326e-09 
 1119       2.425247418837e-09 
 1120       2.425267194381e-09 
 1121       2.425266634208e-09 
 1122       2.425245530487e-09 
 1123       2.425203674303e-09 
 1124       2.425140855656e-09 
 1125       2.425056863458e-09 
 1126       2.424951485532e-09 
 1127       2.424824508608e-09 
 1128       2.424675718323e-09 
 1129       2.424504917611e-09 
 1130       2.424311982146e-09 
 1131       2.424096805611e-09 
 1132       2.423859281373e-09 
 1133       2.423599302479e-09 
 1134       2.423316761655e-09 
 1135       2.423011551308e-09 
 1136       2.422683563524e-09 
 1137       2.422332690070e-09 
 1138       2.421958822387e-09 
 1139       2.421561851598e-09 
 1140       2.421141668501e-09 
 1141       2.420698163573e-09 
 1142       2.420231226965e-09 
 1143       2.419740748506e-09 
 1144       2.419226617698e-09 
 1145       2.418688723721e-09 
 1146       2.418126955427e-09 
 1147       2.417541201343e-09 
 1148       2.416931349670e-09 
 1149       2.416297288280e-09 
 1150       2.415638904719e-09 
 1151       2.414956086206e-09 
 1152       2.414248719628e-09 
 1153       2.413516691547e-09 
 1154       2.412759888192e-09 
 1155       2.411978195465e-09 
 1156       2.411171498936e-09 
 1157       2.410339683842e-09 
 1158       2.409482635093e-09 
 1159       2.408600237264e-09 
 1160       2.407692374598e-09 
 1161       2.406758931004e-09 
 1162       2.405799790060e-09 
 1163       2.404814835009e-09 
 1164       2.403803948758e-09 
 1165       2.402767013882e-09 
 1166       2.401703912617e-09 
 1167       2.400614526866e-09 
 1168       2.399498749309e-09 
 1169       2.398356516901e-09 
 1170       2.397187777795e-09 
 1171       2.395992480263e-09 
 1172       2.394770572697e-09 
 1173       2.393522003613e-09 
 1174       2.392246721645e-09 
 1175       2.390944675551e-09 
 1176       2.389615814213e-09 
 1177       2.388260086633e-09 
 1178       2.386877441940e-09 
 1179       2.385467829384e-09 
 1180       2.384031198342e-09 
 1181       2.382567498314e-09 
 1182       2.381076678928e-09 
 1183       2.379558689936e-09 
 1184       2.378013481217e-09 
 1185       2.376441002777e-09 
 1186       2.374841204749e-09 
 1187       2.373214037396e-09 
 1188       2.371559451107e-09 
 1189       2.369877396401e-09 
 1190       2.368167823926e-09 
 1191       2.366430684461e-09 
 1192       2.364665928914e-09 
 1193       2.362873508324e-09 
 1194       2.361053373862e-09 
 1195       2.359205476831e-09 
 1196       2.357329768665e-09 
 1197       2.355426200932e-09 
 1198       2.353494725333e-09 
 1199       2.351535293702e-09 
 1200       2.349547858009e-09 
 1201       2.347532370356e-09 
 1202       2.345488782983e-09 
 1203       2.343417048264e-09 
 1204       2.341317118709e-09 
 1205       2.339188946966e-09 
 1206       2.337032485819e-09 
 1207       2.334847704959e-09 
 1208       2.332634641516e-09 
 1209       2.330393350137e-09 
 1210       2.328123886281e-09 
 1211       2.325826306212e-09 
 1212       2.323500667011e-09 
 1213       2.321147026567e-09 
 1214       2.318765443588e-09 
 1215       2.316355977599e-09 
 1216       2.313918688941e-09 
 1217       2.311453638779e-09 
 1218       2.308960889100e-09 
 1219       2.306440502715e-09 
 1220       2.303892543262e-09 
 1221       2.301317075207e-09 
 1222       2.298714163847e-09 
 1223       2.296083875311e-09 
 1224       2.293426276560e-09 
 1225       2.290741435394e-09 
 1226       2.288029420448e-09 
 1227       2.285290301198e-09 
 1228       2.282524147960e-09 
 1229       2.279731031896e-09 
 1230       2.276911025009e-09 
 1231       2.274064200154e-09 
 1232       2.271190631030e-09 
 1233       2.268290392190e-09 
 1234       2.265363559038e-09 
 1235       2.262410207833e-09 
 1236       2.259430415690e-09 
 1237       2.256424260584e-09 
 1238       2.253391821346e-09 
 1239       2.250333177672e-09 
 1240       2.247248410123e-09 
 1241       2.244137600121e-09 
 1242       2.241000829959e-09 
 1243       2.237838182800e-09 
 1244       2.234649742675e-09 
 1245       2.231435594490e-09 
 1246       2.228195827312e-09 
 1247       2.224930544273e-09 
 1248       2.221639852783e-09 
 1249       2.218323861263e-09 
 1250       2.214982679142e-09 
 1251       2.211616416860e-09 
 1252       2.208225185872e-09 
 1253       2.204809098648e-09 
 1254       2.201368268677e-09 
 1255       2.197902810467e-09 
 1256       2.194412839550e-09 
 1257       2.190898472481e-09 
 1258       2.187359826842e-09 
 1259       2.183797021244e-09 
 1260       2.180210175327e-09 
 1261       2.176599409766e-09 
 1262       2.172964846271e-09 
 1263       2.169306607586e-09 
 1264       2.165624817499e-09 
 1265       2.161919600836e-09 
 1266       2.158191083467e-09 
 1267       2.154439392308e-09 
 1268       2.150664655323e-09 
 1269       2.146867001525e-09 
 1270       2.143046560979e-09 
 1271       2.139203464804e-09 
 1272       2.135337845177e-09 
 1273       2.131449835330e-09 
 1274       2.127539569559e-09 
 1275       2.123607183219e-09 
 1276       2.119652812733e-09 
 1277       2.115676595587e-09 
 1278       2.111678670339e-09 
 1279       2.107659176617e-09 
 1280       2.103618255121e-09 
 1281       2.099556047628e-09 
 1282       2.095472696992e-09 
 1283       2.091368347144e-09 
 1284       2.087243143100e-09 
 1285       2.083097238752e-09 
 1286       2.078930820350e-09 
 1287       2.074744083295e-09 
 1288       2.070537224369e-09 
 1289       2.066310441738e-09 
 1290       2.062063934956e-09 
 1291       2.057797904968e-09 
 1292       2.053512554109e-09 
 1293       2.049208086112e-09 
 1294       2.044884706107e-09 
 1295       2.040542620624e-09 
 1296       2.036182037598e-09 
 1297       2.031803166369e-09 
 1298       2.027406217685e-09 
 1299       2.022991403709e-09 
 1300       2.018558938013e-09 
 1301       2.014109035590e-09 
 1302       2.009641912851e-09 
 1303       2.005157787628e-09 
 1304       2.000656879180e-09 
 1305       1.996139408192e-09 
 1306       1.991605596781e-09 
 1307       1.987055668495e-09 
 1308       1.982489848318e-09 
 1309       1.977908362673e-09 
 1310       1.973311439423e-09 
 1311       1.968699307877e-09 
 1312       1.964072198786e-09 
 1313       1.959430344355e-09 
 1314       1.954773978238e-09 
 1315       1.950103335542e-09 
 1316       1.945418652835e-09 
 1317       1.940720168141e-09 
 1318       1.936008120948e-09 
 1319       1.931282752209e-09 
 1320       1.926544304346e-09 
 1321       1.921793021250e-09 
 1322       1.917029148284e-09 
 1323       1.912252932290e-09 
 1324       1.907464613315e-09 
 1325       1.902664399698e-09 
 1326       1.897852492718e-09 
 1327       1.893029094837e-09 
 1328       1.888194409707e-09 
 1329       1.883348642170e-09 
 1330       1.878491998258e-09 
 1331       1.873624685201e-09 
 1332       1.868746911422e-09 
 1333       1.863858886545e-09 
 1334       1.858960821393e-09 
 1335       1.854052927993e-09 
 1336       1.849135419577e-09 
 1337       1.844208510583e-09 
 1338       1.839272416660e-09 
 1339       1.834327354665e-09 
 1340       1.829373542672e-09 
 1341       1.824411199970e-09 
 1342       1.819440547062e-09 
 1343       1.814461805676e-09 
 1344       1.809475198758e-09 
 1345       1.804480950479e-09 
 1346       1.799479286238e-09 
 1347       1.794470432660e-09 
 1348       1.789454617600e-09 
 1349       1.784432070148e-09 
 1350       1.779403020626e-09 
 1351       1.774367700594e-09 
 1352       1.769326342851e-09 
 1353       1.764279181436e-09 
 1354       1.759226451632e-09 
 1355       1.754168389967e-09 
 1356       1.749105234215e-09 
 1357       1.744037223401e-09 
 1358       1.738964597801e-09 
 1359       1.733887598944e-09 
 1360       1.728806469617e-09 
 1361       1.723721453860e-09 
 1362       1.718632796979e-09 
 1363       1.713540738689e-09 
 1364       1.708445492492e-09 
 1365       1.703347266085e-09 
 1366       1.698246268193e-09 
 1367       1.693142708568e-09 
 1368       1.688036797994e-09 
 1369       1.682928748284e-09 
 1370       1.677818772285e-09 
 1371       1.672707083881e-09 
 1372       1.667593897991e-09 
 1373       1.662479430571e-09 
 1374       1.657363898620e-09 
 1375       1.652247520177e-09 
 1376       1.647130514324e-09 
 1377       1.642013101190e-09 
 1378       1.636895501947e-09 
 1379       1.631777938820e-09 
 1380       1.626660635081e-09 
 1381       1.621543815054e-09 
 1382       1.616427704117e-09 
 1383       1.611312528704e-09 
 1384       1.606198516304e-09 
 1385       1.601085895466e-09 
 1386       1.595974895798e-09 
 1387       1.590865747969e-09 
 1388       1.585758683715e-09 
 1389       1.580653935832e-09 
 1390       1.575551738188e-09 
 1391       1.570452325715e-09 
 1392       1.565355934419e-09 
 1393       1.560262801374e-09 
 1394       1.555173164732e-09 
 1395       1.550087263716e-09 
 1396       1.545005338628e-09 
 1397       1.539927630847e-09 
 1398       1.534854382836e-09 
 1399       1.529785838135e-09 
 1400       1.524722241370e-09 
 1401       1.519663838253e-09 
 1402       1.514610861943e-09 
 1403       1.509563491977e-09 
 1404       1.504521894916e-09 
 1405       1.499486237945e-09 
 1406       1.494456688873e-09 
 1407       1.489433416136e-09 
 1408       1.484416588793e-09 
 1409       1.479406376535e-09 
 1410       1.474402949676e-09 
 1411       1.469406479163e-09 
 1412       1.464417136571e-09 
 1413       1.459435094105e-09 
 1414       1.454460524602e-09 
 1415       1.449493601531e-09 
 1416       1.444534498995e-09 
 1417       1.439583391730e-09 
 1418       1.434640455108e-09 
 1419       1.429705865134e-09 
 1420       1.424779798452e-09 
 1421       1.419862432342e-09 
 1422       1.414953944724e-09 
 1423       1.410054514154e-09 
 1424       1.405164319830e-09 
 1425       1.400283541591e-09 
 1426       1.395412359915e-09 
 1427       1.390550955925e-09 
 1428       1.385699511385e-09 
 1429       1.380858208706e-09 
 1430       1.376027230941e-09 
 1431       1.371206761791e-09 
 1432       1.366396985601e-09 
 1433       1.361598087365e-09 
 1434       1.356810252726e-09 
 1435       1.352033667974e-09 
 1436       1.347268520051e-09 
 1437       1.342514996549e-09 
 1438       1.337773285711e-09 
 1439       1.333043576434e-09 
 1440       1.328326058267e-09 
 1441       1.323620909213e-09 
 1442       1.318928258997e-09 
 1443       1.314248225428e-09 
 1444       1.309580926563e-09 
 1445       1.304926480710e-09 
 1446       1.300285006424e-09 
 1447       1.295656622512e-09 
 1448       1.291041448031e-09 
 1449       1.286439602286e-09 
 1450       1.281851204834e-09 
 1451       1.277276375482e-09 
 1452       1.272715234287e-09 
 1453       1.268167901556e-09 
 1454       1.263634497848e-09 
 1455       1.259115143972e-09 
 1456       1.254609960988e-09 
 1457       1.250119070209e-09 
 1458       1.245642593195e-09 
 1459       1.241180651762e-09 
 1460       1.236733367975e-09 
 1461       1.232300864151e-09 
 1462       1.227883262859e-09 
 1463       1.223480686920e-09 
 1464       1.219093259407e-09 
 1465       1.214721103646e-09 
 1466       1.210364343214e-09 
 1467       1.206023101942e-09 
 1468       1.201697503911e-09 
 1469       1.197387673459e-09 
 1470       1.193093735172e-09 
 1471       1.188815813894e-09 
 1472       1.184554034718e-09 
 1473       1.180308522993e-09 
 1474       1.176079404320e-09 
 1475       1.171866804555e-09 
 1476       1.167670849806e-09 
 1477       1.163491666436e-09 
 1478       1.159329381062e-09 
 1479       1.155184120556e-09 
 1480       1.151056001379e-09 
 1481       1.146945097490e-09 
 1482       1.142851472120e-09 
 1483       1.138775188408e-09 
 1484       1.134716309402e-09 
 1485       1.130674898058e-09 
 1486       1.126651017236e-09 
 1487       1.122644729705e-09 
 1488       1.118656098139e-09 
 1489       1.114685185117e-09 
 1490       1.110732053123e-09 
 1491       1.106796764546e-09 
 1492       1.102879381680e-09 
 1493       1.098979966720e-09 
 1494       1.095098581766e-09 
 1495       1.091235288822e-09 
 1496       1.087390149792e-09 
 1497       1.083563226482e-09 
 1498       1.079754580601e-09 
 1499       1.075964273759e-09 
 1500       1.072192367464e-09 
 1501       1.068438923127e-09 
 1502       1.064704002057e-09 
 1503       1.060987665463e-09 
 1504       1.057289974452e-09 
 1505       1.053610990030e-09 
 1506       1.049950773101e-09 
 1507       1.046309384465e-09 
 1508       1.042686884821e-09 
 1509       1.039083334763e-09 
 1510       1.035498794781e-09 
 1511       1.031933325262e-09 
 1512       1.028386986488e-09 
 1513       1.024859838634e-09 
 1514       1.021351941772e-09 
 1515       1.017863355864e-09 
 1516       1.014394140770e-09 
 1517       1.010944356239e-09 
 1518       1.007514061915e-09 
 1519       1.004103307434e-09 
 1520       1.000712102621e-09 
 1521       9.973404470070e-10 
 1522       9.939883396994e-10 
 1523       9.906557793822e-10 
 1524       9.873427643142e-10 
 1525       9.840492923291e-10 
 1526       9.807753608335e-10 
 1527       9.775209668067e-10 
 1528       9.742861067992e-10 
 1529       9.710707769322e-10 
 1530       9.678749728962e-10 
 1531       9.646986899505e-10 
 1532       9.615419229217e-10 
 1533       9.584046662033e-10 
 1534       9.552869137543e-10 
 1535       9.521886590986e-10 
 1536       9.491098953236e-10 
 1537       9.460506150796e-10 
 1538       9.430108105789e-10 
 1539       9.399904735945e-10 
 1540       9.369895954593e-10 
 1541       9.340081670653e-10 
 1542       9.310461788623e-10 
 1543       9.281036208573e-10 
 1544       9.251804826132e-10 
 1545       9.222767532483e-10 
 1546       9.193924214348e-10 
 1547       9.165274753982e-10 
 1548       9.136819029161e-10 
 1549       9.108556913175e-10 
 1550       9.080488274819e-10 
 1551       9.052612978376e-10 
 1552       9.024930883620e-10 
 1553       8.997441845793e-10 
 1554       8.970145715606e-10 
 1555       8.943042339222e-10 
 1556       8.916131558253e-10 
 1557       8.889413209744e-10 
 1558       8.862887106880e-10 
 1559       8.836552980913e-10 
 1560       8.810410538668e-10 
 1561       8.784459481775e-10 
 1562       8.758699506653e-10 
 1563       8.733130304501e-10 
 1564       8.707751561292e-10 
 1565       8.682562957755e-10 
 1566       8.657564169370e-10 
 1567       8.632754866356e-10 
 1568       8.608134713658e-10 
 1569       8.583703370941e-10 
 1570       8.559460492575e-10 
 1571       8.535405727628e-10 
 1572       8.511538719854e-10 
 1573       8.487859107679e-10 
 1574       8.464366524198e-10 
 1575       8.441060597159e-10 
 1576       8.417940948951e-10 
 1577       8.395007196600e-10 
 1578       8.372258951752e-10 
 1579       8.349695820666e-10 
 1580       8.327317404202e-10 
 1581       8.305123297811e-10 
 1582       8.283113091525e-10 
 1583       8.261286369944e-10 
 1584       8.239642712229e-10 
 1585       8.218181692089e-10 
 1586       8.196902877771e-10 
 1587       8.175805832050e-10 
 1588       8.154890112218e-10 
 1589       8.134155270072e-10 
 1590       8.113600851907e-10 
 1591       8.093226398502e-10 
 1592       8.073031445111e-10 
 1593       8.053015521454e-10 
 1594       8.033178151701e-10 
 1595       8.013518854468e-10 
 1596       7.994037142804e-10 
 1597       7.974732507408e-10 
 1598       7.955604366145e-10 
 1599       7.936652114052e-10 
 1600       7.917875140049e-10 
 1601       7.899272826928e-10 
 1602       7.880844551347e-10 
 1603       7.862589683813e-10 
 1604       7.844507588674e-10 
 1605       7.826597624107e-10 
 1606       7.808859142104e-10 
 1607       7.791291488464e-10 
 1608       7.773894002781e-10 
 1609       7.756666018432e-10 
 1610       7.739606862566e-10 
 1611       7.722715856091e-10 
 1612       7.705992313665e-10 
 1613       7.689435543685e-10 
 1614       7.673044848272e-10 
 1615       7.656819523264e-10 
 1616       7.640758858203e-10 
 1617       7.624862136321e-10 
 1618       7.609128634534e-10 
 1619       7.593557623426e-10 
 1620       7.578148367239e-10 
 1621       7.562900123864e-10 
 1622       7.547812144825e-10 
 1623       7.532883675273e-10 
 1624       7.518113953971e-10 
 1625       7.503502213282e-10 
 1626       7.489047679162e-10 
 1627       7.474749571145e-10 
 1628       7.460607102332e-10 
 1629       7.446619479381e-10 
 1630       7.432785902494e-10 
 1631       7.419105565408e-10 
 1632       7.405577655381e-10 
 1633       7.392201353184e-10 
 1634       7.378975833084e-10 
 1635       7.365900262840e-10 
 1636       7.352973833779e-10 
 1637       7.340195851366e-10 
 1638       7.327565645421e-10 
 1639       7.315082540095e-10 
 1640       7.302745853854e-10 
 1641       7.290554899474e-10 
 1642       7.278508984028e-10 
 1643       7.266607408875e-10 
 1644       7.254849469653e-10 
 1645       7.243234456270e-10 
 1646       7.231761652887e-10 
 1647       7.220430337918e-10 
 1648       7.209239784010e-10 
 1649       7.198189258041e-10 
 1650       7.187278021106e-10 
 1651       7.176505328507e-10 
 1652       7.165870429744e-10 
 1653       7.155372568506e-10 
 1654       7.145010982658e-10 
 1655       7.134784904235e-10 
 1656       7.124693559427e-10 
 1657       7.114736168574e-10 
 1658       7.104911946154e-10 
 1659       7.095220100771e-10 
 1660       7.085659835148e-10 
 1661       7.076230346116e-10 
 1662       7.066930824603e-10 
 1663       7.057760455627e-10 
 1664       7.048718418281e-10 
 1665       7.039803885727e-10 
 1666       7.031016025185e-10 
 1667       7.022353997924e-10 
 1668       7.013816959249e-10 
 1669       7.005404058495e-10 
 1670       6.997114439011e-10 
 1671       6.988947238159e-10 
 1672       6.980901587296e-10 
 1673       6.972976611766e-10 
 1674       6.965171430893e-10 
 1675       6.957485198393e-10 
 1676       6.949917224017e-10 
 1677       6.942466852952e-10 
 1678       6.935133425485e-10 
 1679       6.927916276990e-10 
 1680       6.920814737926e-10 
 1681       6.913828133826e-10 
 1682       6.906955785287e-10 
 1683       6.900197007965e-10 
 1684       6.893551112564e-10 
 1685       6.887017404830e-10 
 1686       6.880595185541e-10 
 1687       6.874283750499e-10 
 1688       6.868082390524e-10 
 1689       6.861990391441e-10 
 1690       6.856007034076e-10 
 1691       6.850131594248e-10 
 1692       6.844363342756e-10 
 1693       6.838701545376e-10 
 1694       6.833145462849e-10 
 1695       6.827694350876e-10 
 1696       6.822347460106e-10 
 1697       6.817104036131e-10 
 1698       6.811963319476e-10 
 1699       6.806924545592e-10 
 1700       6.801986944846e-10 
 1701       6.797149742513e-10 
 1702       6.792412158770e-10 
 1703       6.787773408686e-10 
 1704       6.783232702213e-10 
 1705       6.778789244178e-10 
 1706       6.774442234277e-10 
 1707       6.770190867064e-10 
 1708       6.766034331944e-10 
 1709       6.761971813165e-10 
 1710       6.758002489808e-10 
 1711       6.754125535782e-10 
 1712       6.750340119812e-10 
 1713       6.746645405433e-10 
 1714       6.743040586257e-10 
 1715       6.739524992120e-10 
 1716       6.736097983824e-10 
 1717       6.732758917938e-10 
 1718       6.729507146789e-10 
 1719       6.726342018459e-10 
 1720       6.723262876774e-10 
 1721       6.720269061300e-10 
 1722       6.717359907334e-10 
 1723       6.714534745900e-10 
 1724       6.711792903738e-10 
 1725       6.709133703303e-10 
 1726       6.706556462752e-10 
 1727       6.704060495941e-10 
 1728       6.701645112418e-10 
 1729       6.699309617415e-10 
 1730       6.697053311840e-10 
 1731       6.694875492275e-10 
 1732       6.692775450962e-10 
 1733       6.690752475803e-10 
 1734       6.688805850350e-10 
 1735       6.686934853796e-10 
 1736       6.685138760973e-10 
 1737       6.683416842342e-10 
 1738       6.681768363988e-10 
 1739       6.680192587610e-10 
 1740       6.678688770518e-10 
 1741       6.677256165624e-10 
 1742       6.675894021435e-10 
 1743       6.674601582048e-10 
 1744       6.673378087141e-10 
 1745       6.672222771968e-10 
 1746       6.671134867351e-10 
 1747       6.670113599673e-10 
 1748       6.669158190872e-10 
 1749       6.668267858434e-10 
 1750       6.667441815386e-10 
 1751       6.666679270290e-10 
 1752       6.665979427234e-10 
 1753       6.665341538716e-10 
 1754       6.664765064784e-10 
 1755       6.664249515210e-10 
 1756       6.663794396717e-10 
 1757       6.663399212974e-10 
 1758       6.663063464594e-10 
 1759       6.662786649123e-10 
 1760       6.662568261041e-10 
 1761       6.662407791758e-10 
 1762       6.662304729601e-10 
 1763       6.662258559820e-10 
 1764       6.662268764575e-10 
 1765       6.662334822935e-10 
 1766       6.662456210873e-10 
 1767       6.662632401260e-10 
 1768       6.662862863862e-10 
 1769       6.663147065334e-10 
 1770       6.663484469215e-10 
 1771       6.663874535923e-10 
 1772       6.664316722753e-10 
 1773       6.664810483869e-10 
 1774       6.665355270300e-10 
 1775       6.665950529937e-10 
 1776       6.666595707525e-10 
 1777       6.667290244662e-10 
 1778       6.668033579791e-10 
 1779       6.668825148199e-10 
 1780       6.669664382006e-10 
 1781       6.670550710167e-10 
 1782       6.671483558463e-10 
 1783       6.672462349500e-10 
 1784       6.673486502698e-10 
 1785       6.674555434294e-10 
 1786       6.675668557329e-10 
 1787       6.676825281651e-10 
 1788       6.678025013906e-10 
 1789       6.679267157533e-10 
 1790       6.680551112761e-10 
 1791       6.681876276604e-10 
 1792       6.683242061093e-10 
 1793       6.684647948152e-10 
 1794       6.686093435163e-10 
 1795       6.687578016763e-10 
 1796       6.689101184837e-10 
 1797       6.690662428521e-10 
 1798       6.692261234190e-10 
 1799       6.693897085460e-10 
 1800       6.695569463180e-10 
 1801       6.697277845431e-10 
 1802       6.699021707519e-10 
 1803       6.700800521972e-10 
 1804       6.702613758539e-10 
 1805       6.704460884179e-10 
 1806       6.706341363064e-10 
 1807       6.708254656571e-10 
 1808       6.710200223279e-10 
 1809       6.712177518965e-10 
 1810       6.714185996599e-10 
 1811       6.716225106341e-10 
 1812       6.718294295537e-10 
 1813       6.720393008714e-10 
 1814       6.722520687577e-10 
 1815       6.724676771004e-10 
 1816       6.726860695040e-10 
 1817       6.729071892900e-10 
 1818       6.731309794956e-10 
 1819       6.733573828738e-10 
 1820       6.735863418929e-10 
 1821       6.738177987362e-10 
 1822       6.740516953014e-10 
 1823       6.742879732001e-10 
 1824       6.745265737578e-10 
 1825       6.747674380131e-10 
 1826       6.750105067176e-10 
 1827       6.752557203352e-10 
 1828       6.755030190417e-10 
 1829       6.757523427249e-10 
 1830       6.760036309835e-10 
 1831       6.762568255990e-10 
 1832       6.765118779729e-10 
 1833       6.767687417482e-10 
 1834       6.770273703421e-10 
 1835       6.772877169463e-10 
 1836       6.775497345262e-10 
 1837       6.778133758208e-10 
 1838       6.780785933423e-10 
 1839       6.783453393758e-10 
 1840       6.786135659790e-10 
 1841       6.788832249818e-10 
 1842       6.791542679863e-10 
 1843       6.794266463660e-10 
 1844       6.797003112656e-10 
 1845       6.799752136011e-10 
 1846       6.802513040590e-10 
 1847       6.805285330961e-10 
 1848       6.808068509394e-10 
 1849       6.810862075854e-10 
 1850       6.813665528001e-10 
 1851       6.816478361187e-10 
 1852       6.819300068449e-10 
 1853       6.822130140510e-10 
 1854       6.824968065773e-10 
 1855       6.827813330321e-10 
 1856       6.830665417909e-10 
 1857       6.833523809966e-10 
 1858       6.836387985588e-10 
 1859       6.839257421535e-10 
 1860       6.842131592232e-10 
 1861       6.845009969760e-10 
 1862       6.847892023857e-10 
 1863       6.850777221913e-10 
 1864       6.853665028967e-10 
 1865       6.856554907704e-10 
 1866       6.859446318452e-10 
 1867       6.862338719179e-10 
 1868       6.865231565488e-10 
 1869       6.868124310616e-10 
 1870       6.871016437315e-10 
 1871       6.873907553771e-10 
 1872       6.876797298428e-10 
 1873       6.879685308172e-10 
 1874       6.882571218325e-10 
 1875       6.885454662648e-10 
 1876       6.888335273335e-10 
 1877       6.891212681009e-10 
 1878       6.894086514727e-10 
 1879       6.896956401972e-10 
 1880       6.899821968652e-10 
 1881       6.902682839100e-10 
 1882       6.905538636068e-10 
 1883       6.908388980730e-10 
 1884       6.911233492676e-10 
 1885       6.914071789911e-10 
 1886       6.916903488853e-10 
 1887       6.919728204331e-10 
 1888       6.922545549583e-10 
 1889       6.925355136253e-10 
 1890       6.928156574392e-10 
 1891       6.930949472449e-10 
 1892       6.933733437278e-10 
 1893       6.936508074129e-10 
 1894       6.939272986648e-10 
 1895       6.942027776875e-10 
 1896       6.944772045244e-10 
 1897       6.947505390576e-10 
 1898       6.950227410083e-10 
 1899       6.952937699359e-10 
 1900       6.955635852384e-10 
 1901       6.958321461518e-10 
 1902       6.960994117504e-10 
 1903       6.963653409457e-10 
 1904       6.966298924870e-10 
 1905       6.968930249609e-10 
 1906       6.971546967911e-10 
 1907       6.974148662381e-10 
 1908       6.976734913991e-10 
 1909       6.979305298958e-10 
 1910       6.981859379352e-10 
 1911       6.984396712412e-10 
 1912       6.986916853655e-10 
 1913       6.989419356876e-10 
 1914       6.991903774148e-10 
 1915       6.994369655814e-10 
 1916       6.996816550488e-10 
 1917       6.999244005054e-10 
 1918       7.001651564663e-10 
 1919       7.004038772728e-10 
 1920       7.006405170927e-10 
 1921       7.008750299194e-10 
 1922       7.011073695725e-10 
 1923       7.013374896969e-10 
 1924       7.015653437628e-10 
 1925       7.017908850657e-10 
 1926       7.020140667257e-10 
 1927       7.022348416878e-10 
 1928       7.024531627214e-10 
 1929       7.026689824200e-10 
 1930       7.028822532013e-10 
 1931       7.030929273066e-10 
 1932       7.033009568008e-10 
 1933       7.035062935723e-10 
 1934       7.037088893324e-10 
 1935       7.039086956155e-10 
 1936       7.041056637784e-10 
 1937       7.042997450007e-10 
 1938       7.044908902839e-10 
 1939       7.046790504519e-10 
 1940       7.048641761500e-10 
 1941       7.050462178454e-10 
 1942       7.052251258264e-10 
 1943       7.054008502027e-10 
 1944       7.055733409046e-10 
 1945       7.057425476834e-10 
 1946       7.059084201107e-10 
 1947       7.060709075783e-10 
 1948       7.062299634330e-10 
 1949       7.063855574144e-10 
 1950       7.065376633100e-10 
 1951       7.066862548286e-10 
 1952       7.068313056004e-10 
 1953       7.069727891769e-10 
 1954       7.071106790309e-10 
 1955       7.072449485560e-10 
 1956       7.073755710669e-10 
 1957       7.075025197993e-10 
 1958       7.076257679096e-10 
 1959       7.077452884749e-10 
 1960       7.078610544931e-10 
 1961       7.079730388824e-10 
 1962       7.080812144816e-10 
 1963       7.081855540498e-10 
 1964       7.082860302665e-10 
 1965       7.083826157311e-10 
 1966       7.084752829635e-10 
 1967       7.085640044031e-10 
 1968       7.086487524097e-10 
 1969       7.087294992625e-10 
 1970       7.088062171607e-10 
 1971       7.088788782232e-10 
 1972       7.089474544881e-10 
 1973       7.090119179133e-10 
 1974       7.090722403760e-10 
 1975       7.091283936725e-10 
 1976       7.091803495185e-10 
 1977       7.092280795486e-10 
 1978       7.092715553167e-10 
 1979       7.093107482954e-10 
 1980       7.093456298761e-10 
 1981       7.093761713691e-10 
 1982       7.094023440033e-10 
 1983       7.094241189262e-10 
 1984       7.094414672035e-10 
 1985       7.094543598197e-10 
 1986       7.094627676773e-10 
 1987       7.094666626045e-10 
 1988       7.094660203852e-10 
 1989       7.094608177511e-10 
 1990       7.094510313762e-10 
 1991       7.094366378766e-10 
 1992       7.094176138108e-10 
 1993       7.093939356793e-10 
 1994       7.093655799248e-10 
 1995       7.093325229319e-10 
 1996       7.092947410271e-10 
 1997       7.092522104790e-10 
 1998       7.092049074979e-10 
 1999       7.091528082359e-10 
 2000       7.090958887869e-10 
 2001       7.090341251862e-10 
 2002       7.089674934110e-10 
 2003       7.088959693799e-10 
 2004       7.088195289530e-10 
 2005       7.087381479318e-10 
 2006       7.086518020593e-10 
 2007       7.085604670196e-10 
 2008       7.084641184382e-10 
 2009       7.083627318817e-10 
 2010       7.082562828578e-10 
 2011       7.081447468153e-10 
 2012       7.080280991442e-10 
 2013       7.079063151751e-10 
 2014       7.077793701797e-10 
 2015       7.076472393706e-10 
 2016       7.075098979009e-10 
 2017       7.073673208647e-10 
 2018       7.072194832966e-10 
 2019       7.070663601718e-10 
 2020       7.069079264061e-10 
 2021       7.067441568556e-10 
 2022       7.065750263171e-10 
 2023       7.064005095275e-10 
 2024       7.062205811641e-10 
 2025       7.060352158445e-10 
 2026       7.058443903643e-10 
 2027       7.056480904285e-10 
 2028       7.054463039688e-10 
 2029       7.052390189098e-10 
 2030       7.050262231695e-10 
 2031       7.048079046588e-10 
 2032       7.045840512819e-10 
 2033       7.043546509360e-10 
 2034       7.041196915114e-10 
 2035       7.038791608918e-10 
 2036       7.036330469539e-10 
 2037       7.033813375675e-10 
 2038       7.031240205956e-10 
 2039       7.028610838944e-10 
 2040       7.025925153134e-10 
 2041       7.023183026951e-10 
 2042       7.020384338752e-10 
 2043       7.017528966827e-10 
 2044       7.014616789398e-10 
 2045       7.011647684619e-10 
 2046       7.008621530575e-10 
 2047       7.005538205285e-10 
 2048       7.002397586698e-10 
 2049       6.999199552698e-10 
 2050       6.995943981101e-10 
 2051       6.992630749653e-10 
 2052       6.989259736034e-10 
 2053       6.985830817859e-10 
 2054       6.982343872671e-10 
 2055       6.978798777950e-10 
 2056       6.975195411105e-10 
 2057       6.971533649482e-10 
 2058       6.967813370357e-10 
 2059       6.964034450938e-10 
 2060       6.960196768370e-10 
 2061       6.956300199727e-10 
 2062       6.952344622019e-10 
 2063       6.948329912188e-10 
 2064       6.944255947109e-10 
 2065       6.940122637451e-10 
 2066       6.935930029518e-10 
 2067       6.931678204127e-10 
 2068       6.927367242821e-10 
 2069       6.922997227862e-10 
 2070       6.918568242238e-10 
 2071       6.914080369662e-10 
 2072       6.909533694573e-10 
 2073       6.904928302135e-10 
 2074       6.900264278243e-10 
 2075       6.895541709518e-10 
 2076       6.890760683314e-10 
 2077       6.885921287713e-10 
 2078       6.881023611532e-10 
 2079       6.876067744318e-10 
 2080       6.871053776355e-10 
 2081       6.865981798661e-10 
 2082       6.860851902989e-10 
 2083       6.855664181830e-10 
 2084       6.850418728413e-10 
 2085       6.845115636707e-10 
 2086       6.839755001420e-10 
 2087       6.834336918002e-10 
 2088       6.828861482644e-10 
 2089       6.823328792282e-10 
 2090       6.817738944594e-10 
 2091       6.812092038004e-10 
 2092       6.806388171684e-10 
 2093       6.800627445552e-10 
 2094       6.794809960273e-10 
 2095       6.788935817263e-10 
 2096       6.783005118687e-10 
 2097       6.777017967463e-10 
 2098       6.770974467260e-10 
 2099       6.764874722501e-10 
 2100       6.758718838362e-10 
 2101       6.752506920775e-10 
 2102       6.746239076431e-10 
 2103       6.739915412774e-10 
 2104       6.733536049924e-10 
 2105       6.727101156507e-10 
 2106       6.720610914074e-10 
 2107       6.714065505209e-10 
 2108       6.707465113532e-10 
 2109       6.700809923698e-10 
 2110       6.694100121400e-10 
 2111       6.687335893372e-10 
 2112       6.680517427385e-10 
 2113       6.673644912256e-10 
 2114       6.666718537840e-10 
 2115       6.659738495042e-10 
 2116       6.652704975807e-10 
 2117       6.645618173132e-10 
 2118       6.638478281059e-10 
 2119       6.631285494682e-10 
 2120       6.624040010144e-10 
 2121       6.616742024643e-10 
 2122       6.609391736428e-10 
 2123       6.601989344805e-10 
 2124       6.594535050135e-10 
 2125       6.587029053839e-10 
 2126       6.579471558395e-10 
 2127       6.571862767342e-10 
 2128       6.564202885280e-10 
 2129       6.556492117875e-10 
 2130       6.548730671854e-10 
 2131       6.540918755011e-10 
 2132       6.533056576208e-10 
 2133       6.525144345375e-10 
 2134       6.517182273511e-10 
 2135       6.509170572687e-10 
 2136       6.501109456046e-10 
 2137       6.492999137806e-10 
 2138       6.484839833257e-10 
 2139       6.476631758770e-10 
 2140       6.468375131790e-10 
 2141       6.460070170842e-10 
 2142       6.451717095534e-10 
 2143       6.443316137089e-10 
 2144       6.434867570042e-10 
 2145       6.426371680765e-10 
 2146       6.417828756953e-10 
 2147       6.409239087623e-10 
 2148       6.400602963120e-10 
 2149       6.391920675115e-10 
 2150       6.383192516605e-10 
 2151       6.374418781923e-10 
 2152       6.365599766728e-10 
 2153       6.356735768016e-10 
 2154       6.347827084118e-10 
 2155       6.338874014700e-10 
 2156       6.329876860768e-10 
 2157       6.320835924667e-10 
 2158       6.311751510084e-10 
 2159       6.302623922049e-10 
 2160       6.293453466936e-10 
 2161       6.284240452467e-10 
 2162       6.274985187712e-10 
 2163       6.265687983088e-10 
 2164       6.256349150367e-10 
 2165       6.246969002671e-10 
 2166       6.237547854478e-10 
 2167       6.228086021620e-10 
 2168       6.218583821290e-10 
 2169       6.209041572038e-10 
 2170       6.199459593775e-10 
 2171       6.189838207775e-10 
 2172       6.180177736676e-10 
 2173       6.170478504482e-10 
 2174       6.160740836564e-10 
 2175       6.150965059663e-10 
 2176       6.141151501888e-10 
 2177       6.131300492723e-10 
 2178       6.121412363025e-10 
 2179       6.111487445025e-10 
 2180       6.101526072333e-10 
 2181       6.091528579937e-10 
 2182       6.081495319790e-10 
 2183       6.071426707684e-10 
 2184       6.061323176694e-10 
 2185       6.051185161624e-10 
 2186       6.041013099008e-10 
 2187       6.030807427114e-10 
 2188       6.020568585941e-10 
 2189       6.010297017229e-10 
 2190       5.999993164453e-10 
 2191       5.989657472830e-10 
 2192       5.979290389320e-10 
 2193       5.968892362626e-10 
 2194       5.958463843199e-10 
 2195       5.948005283237e-10 
 2196       5.937517136691e-10 
 2197       5.926999859261e-10 
 2198       5.916453908405e-10 
 2199       5.905879743336e-10 
 2200       5.895277825025e-10 
 2201       5.884648616204e-10 
 2202       5.873992581369e-10 
 2203       5.863310186778e-10 
 2204       5.852601900458e-10 
 2205       5.841868192202e-10 
 2206       5.831109533576e-10 
 2207       5.820326397919e-10 
 2208       5.809519260341e-10 
 2209       5.798688597731e-10 
 2210       5.787834888758e-10 
 2211       5.776958613869e-10 
 2212       5.766060255294e-10 
 2213       5.755140297050e-10 
 2214       5.744199224938e-10 
 2215       5.733237526547e-10 
 2216       5.722255691261e-10 
 2217       5.711254210252e-10 
 2218       5.700233576488e-10 
 2219       5.689194284735e-10 
 2220       5.678136831556e-10 
 2221       5.667061692333e-10 
 2222       5.655969252158e-10 
 2223       5.644859874488e-10 
 2224       5.633733924091e-10 
 2225       5.622591767043e-10 
 2226       5.611433770734e-10 
 2227       5.600260303868e-10 
 2228       5.589071736464e-10 
 2229       5.577868439855e-10 
 2230       5.566650786694e-10 
 2231       5.555419150953e-10 
 2232       5.544173907925e-10 
 2233       5.532915434225e-10 
 2234       5.521644107790e-10 
 2235       5.510360307884e-10 
 2236       5.499064415098e-10 
 2237       5.487756811350e-10 
 2238       5.476437879887e-10 
 2239       5.465108005286e-10 
 2240       5.453767573460e-10 
 2241       5.442416971653e-10 
 2242       5.431056588443e-10 
 2243       5.419686813748e-10 
 2244       5.408308038822e-10 
 2245       5.396920656258e-10 
 2246       5.385525059993e-10 
 2247       5.374121645302e-10 
 2248       5.362710808808e-10 
 2249       5.351292948477e-10 
 2250       5.339868463622e-10 
 2251       5.328437754906e-10 
 2252       5.317001224338e-10 
 2253       5.305559275283e-10 
 2254       5.294112312454e-10 
 2255       5.282660741920e-10 
 2256       5.271204971107e-10 
 2257       5.259745408795e-10 
 2258       5.248282465124e-10 
 2259       5.236816551593e-10 
 2260       5.225348075592e-10 
 2261       5.213877423950e-10 
 2262       5.202404979284e-10 
 2263       5.190931125457e-10 
 2264       5.179456247585e-10 
 2265       5.167980732036e-10 
 2266       5.156504966429e-10 
 2267       5.145029339641e-10 
 2268       5.133554241800e-10 
 2269       5.122080064296e-10 
 2270       5.110607199774e-10 
 2271       5.099136042140e-10 
 2272       5.087666986561e-10 
 2273       5.076200429466e-10 
 2274       5.064736768548e-10 
 2275       5.053276402765e-10 
 2276       5.041819732341e-10 
 2277       5.030367158769e-10 
 2278       5.018919084808e-10 
 2279       5.007475914490e-10 
 2280       4.996038053118e-10 
 2281       4.984605907266e-10 
 2282       4.973179884786e-10 
 2283       4.961760394802e-10 
 2284       4.950347847716e-10 
 2285       4.938942655209e-10 
 2286       4.927545230240e-10 
 2287       4.916155987050e-10 
 2288       4.904775341161e-10 
 2289       4.893403709381e-10 
 2290       4.882041509799e-10 
 2291       4.870689161792e-10 
 2292       4.859347086026e-10 
 2293       4.848015704452e-10 
 2294       4.836695440315e-10 
 2295       4.825386718148e-10 
 2296       4.814089963778e-10 
 2297       4.802805604326e-10 
 2298       4.791534068210e-10 
 2299       4.780275766480e-10 
 2300       4.769031036712e-10 
 2301       4.757800198764e-10 
 2302       4.746583573402e-10 
 2303       4.735381482305e-10 
 2304       4.724194248063e-10 
 2305       4.713022194180e-10 
 2306       4.701865645074e-10 
 2307       4.690724926076e-10 
 2308       4.679600363434e-10 
 2309       4.668492284314e-10 
 2310       4.657401016797e-10 
 2311       4.646326889883e-10 
 2312       4.635270233493e-10 
 2313       4.624231378467e-10 
 2314       4.613210656564e-10 
 2315       4.602208400469e-10 
 2316       4.591224943787e-10 
 2317       4.580260621048e-10 
 2318       4.569315767705e-10 
 2319       4.558390720139e-10 
 2320       4.547485815655e-10 
 2321       4.536601392488e-10 
 2322       4.525737789799e-10 
 2323       4.514895347678e-10 
 2324       4.504074407147e-10 
 2325       4.493275310158e-10 
 2326       4.482498399593e-10 
 2327       4.471744019269e-10 
 2328       4.461012513936e-10 
 2329       4.450304229278e-10 
 2330       4.439619511915e-10 
 2331       4.428958709402e-10 
 2332       4.418322170232e-10 
 2333       4.407710243838e-10 
 2334       4.397123280588e-10 
 2335       4.386561631792e-10 
 2336       4.376025649702e-10 
 2337       4.365515687509e-10 
 2338       4.355032076119e-10 
 2339       4.344575054308e-10 
 2340       4.334144838129e-10 
 2341       4.323741644104e-10 
 2342       4.313365689222e-10 
 2343       4.303017190940e-10 
 2344       4.292696367185e-10 
 2345       4.282403436352e-10 
 2346       4.272138617307e-10 
 2347       4.261902129383e-10 
 2348       4.251694192386e-10 
 2349       4.241515026591e-10 
 2350       4.231364852747e-10 
 2351       4.221243892070e-10 
 2352       4.211152366250e-10 
 2353       4.201090497451e-10 
 2354       4.191058508307e-10 
 2355       4.181056621925e-10 
 2356       4.171085061887e-10 
 2357       4.161144052248e-10 
 2358       4.151233817536e-10 
 2359       4.141354582755e-10 
 2360       4.131506573383e-10 
 2361       4.121690015374e-10 
 2362       4.111905135158e-10 
 2363       4.102152159639e-10 
 2364       4.092431316199e-10 
 2365       4.082742832696e-10 
 2366       4.073086937467e-10 
 2367       4.063463859325e-10 
 2368       4.053873827560e-10 
 2369       4.044317071943e-10 
 2370       4.034793822721e-10 
 2371       4.025304310622e-10 
 2372       4.015848766854e-10 
 2373       4.006427423101e-10 
 2374       3.997040511532e-10 
 2375       3.987688264795e-10 
 2376       3.978370916017e-10 
 2377       3.969088669646e-10 
 2378       3.959841613763e-10 
 2379       3.950629807229e-10 
 2380       3.941453308797e-10 
 2381       3.932312177112e-10 
 2382       3.923206470713e-10 
 2383       3.914136248030e-10 
 2384       3.905101567385e-10 
 2385       3.896102486991e-10 
 2386       3.887139064954e-10 
 2387       3.878211359269e-10 
 2388       3.869319427824e-10 
 2389       3.860463328396e-10 
 2390       3.851643118654e-10 
 2391       3.842858856156e-10 
 2392       3.834110598351e-10 
 2393       3.825398402575e-10 
 2394       3.816722326058e-10 
 2395       3.808082425916e-10 
 2396       3.799478759154e-10 
 2397       3.790911382668e-10 
 2398       3.782380353240e-10 
 2399       3.773885727543e-10 
 2400       3.765427562135e-10 
 2401       3.757005913465e-10 
 2402       3.748620837866e-10 
 2403       3.740272391563e-10 
 2404       3.731960630664e-10 
 2405       3.723685611166e-10 
 2406       3.715447388952e-10 
 2407       3.707246019792e-10 
 2408       3.699081559342e-10 
 2409       3.690954063143e-10 
 2410       3.682863586623e-10 
 2411       3.674810185094e-10 
 2412       3.666793913757e-10 
 2413       3.658814827693e-10 
 2414       3.650872981871e-10 
 2415       3.642968431143e-10 
 2416       3.635101234330e-10 
 2417       3.627271466499e-10 
 2418       3.619479206758e-10 
 2419       3.611724534181e-10 
 2420       3.604007527804e-10 
 2421       3.596328266632e-10 
 2422       3.588686829630e-10 
 2423       3.581083295730e-10 
 2424       3.573517743827e-10 
 2425       3.565990252781e-10 
 2426       3.558500901415e-10 
 2427       3.551049768515e-10 
 2428       3.543636932831e-10 
 2429       3.536262473078e-10 
 2430       3.528926467931e-10 
 2431       3.521628996032e-10 
 2432       3.514370135982e-10 
 2433       3.507149966347e-10 
 2434       3.499968565656e-10 
 2435       3.492826012398e-10 
 2436       3.485722385027e-10 
 2437       3.478657761957e-10 
 2438       3.471632221566e-10 
 2439       3.464645842192e-10 
 2440       3.457698702136e-10 
 2441       3.450790879660e-10 
 2442       3.443922452987e-10 
 2443       3.437093500302e-10 
 2444       3.430304099751e-10 
 2445       3.423554329440e-10 
 2446       3.416844267436e-10 
 2447       3.410173991769e-10 
 2448       3.403543580426e-10 
 2449       3.396953111356e-10 
 2450       3.390402662469e-10 
 2451       3.383892311633e-10 
 2452       3.377422136678e-10 
 2453       3.370992215391e-10 
 2454       3.364602625522e-10 
 2455       3.358253406618e-10 
 2456       3.351944445303e-10 
 2457       3.345675589313e-10 
 2458       3.339446685598e-10 
 2459       3.333257580318e-10 
 2460       3.327108118844e-10 
 2461       3.320998145756e-10 
 2462       3.314927504841e-10 
 2463       3.308896039094e-10 
 2464       3.302903590716e-10 
 2465       3.296950001114e-10 
 2466       3.291035110900e-10 
 2467       3.285158759888e-10 
 2468       3.279320787095e-10 
 2469       3.273521030742e-10 
 2470       3.267759328248e-10 
 2471       3.262035516234e-10 
 2472       3.256349430518e-10 
 2473       3.250700906119e-10 
 2474       3.245089777251e-10 
 2475       3.239515877325e-10 
 2476       3.233979038948e-10 
 2477       3.228479093920e-10 
 2478       3.223015873236e-10 
 2479       3.217589207084e-10 
 2480       3.212198924842e-10 
 2481       3.206844855080e-10 
 2482       3.201526825558e-10 
 2483       3.196244663226e-10 
 2484       3.190998194219e-10 
 2485       3.185787243862e-10 
 2486       3.180611636666e-10 
 2487       3.175471196327e-10 
 2488       3.170365745725e-10 
 2489       3.165295106925e-10 
 2490       3.160259101172e-10 
 2491       3.155257548896e-10 
 2492       3.150290269705e-10 
 2493       3.145357082390e-10 
 2494       3.140457972874e-10 
 2495       3.135593599165e-10 
 2496       3.130764789369e-10 
 2497       3.125972374003e-10 
 2498       3.121217186003e-10 
 2499       3.116500060720e-10 
 2500       3.111821835929e-10 
